0.5	48
0.6	8
0.6	39
0.7	3
0.7	11
0.7	14
0.8	31
0.8	33
0.8	42
0.8	43
0.8	49
0.9	4
0.9	19
0.9	24
0.9	32
0.9	35
0.9	40
0.9	45
0.9	46
1	2
1	9
1	10
1	15
1	17
1	18
1	23
1	25
1.1	7
1.1	13
1.1	21
1.1	26
1.1	28
1.1	29
1.1	30
1.1	37
1.1	41
1.2	0
1.2	6
1.2	12
1.2	34
1.2	36
1.2	44
1.2	47
1.3	5
1.3	16
1.3	22
1.3	27
1.4	20
1.4	38
1.5	1
2.7	48
2.8	8
2.8	39
3	11
3.2	3
3.2	14
3.3	19
3.3	24
3.3	31
3.3	32
3.4	4
3.5	33
3.5	35
3.5	46
3.5	49
3.6	2
3.6	15
3.6	23
3.6	40
3.6	42
3.6	43
3.6	45
3.7	18
3.8	13
3.9	10
3.9	25
4	0
4	7
4	41
4.1	9
4.1	12
4.1	17
4.1	26
4.1	27
4.1	28
4.1	36
4.1	47
4.2	6
4.2	21
4.2	29
4.2	37
4.3	5
4.3	16
4.3	34
4.4	1
4.4	20
4.4	22
4.4	30
4.4	38
4.4	44
5.1	48
5.2	8
5.2	39
5.3	11
5.5	3
5.5	14
5.6	24
5.6	31
5.6	32
5.7	4
5.7	19
5.8	33
5.8	35
5.8	46
5.8	49
5.9	2
5.9	15
5.9	18
5.9	23
5.9	40
5.9	42
5.9	43
5.9	45
6.5	13
6.7	10
6.7	41
6.8	0
6.8	9
6.8	25
6.9	7
6.9	12
6.9	17
6.9	27
7	1
7	5
7	6
7	26
7	28
7	29
7	30
7	34
7	36
7	37
7	47
7.1	16
7.1	20
7.1	21
7.1	22
7.1	38
7.1	44
7.4	48
7.5	8
7.5	39
7.6	11
8.2	3
8.2	14
8.2	24
8.3	2
8.3	4
8.3	15
8.3	18
8.3	19
8.3	31
8.3	32
8.3	33
8.3	35
8.3	40
8.3	43
8.3	46
8.3	49
8.4	23
8.4	42
8.4	45
9.1	13
9.4	10
9.5	41
9.6	9
9.7	5
9.7	7
9.7	12
9.7	17
9.7	25
9.8	0
9.8	1
9.8	6
9.8	16
9.8	20
9.8	21
9.8	22
9.8	26
9.8	27
9.8	28
9.8	29
9.8	30
9.8	34
9.8	36
9.8	37
9.8	38
9.8	44
9.8	47
9.9	8
9.9	11
9.9	39
9.9	48
11	18
11	19
11.1	2
11.1	3
11.1	4
11.1	15
11.1	23
11.1	24
11.1	31
11.1	32
11.1	33
11.1	40
11.1	42
11.1	43
11.1	45
11.1	46
11.2	14
11.2	35
11.2	49
11.3	13
12.3	10
12.4	41
12.5	5
12.5	17
12.5	20
12.5	25
12.5	28
12.6	0
12.6	1
12.6	6
12.6	7
12.6	8
12.6	9
12.6	11
12.6	12
12.6	16
12.6	21
12.6	22
12.6	26
12.6	27
12.6	29
12.6	30
12.6	34
12.6	36
12.6	37
12.6	38
12.6	39
12.6	44
12.6	47
12.6	48
13.9	4
13.9	33
14	2
14	3
14	14
14	15
14	18
14	19
14	23
14	24
14	31
14	32
14	35
14	40
14	42
14	43
14	45
14	46
14	49
14.1	13
15.3	10
15.3	17
15.3	47
15.4	0
15.4	5
15.4	7
15.4	8
15.4	20
15.4	30
15.4	36
15.4	37
15.4	41
15.5	1
15.5	6
15.5	9
15.5	11
15.5	12
15.5	16
15.5	21
15.5	22
15.5	25
15.5	26
15.5	27
15.5	28
15.5	29
15.5	34
15.5	38
15.5	39
15.5	44
15.5	48
16.8	24
16.8	33
16.9	2
16.9	3
16.9	4
16.9	13
16.9	14
16.9	15
16.9	18
16.9	19
16.9	23
16.9	31
16.9	32
16.9	35
16.9	40
16.9	42
16.9	43
16.9	45
16.9	46
16.9	49
17.9	17
18.1	8
18.1	37
18.2	0
18.2	10
18.2	11
18.2	41
18.3	5
18.3	7
18.3	20
18.3	21
18.3	22
18.3	27
18.3	28
18.3	29
18.3	38
18.3	48
18.4	1
18.4	6
18.4	9
18.4	12
18.4	16
18.4	25
18.4	26
18.4	30
18.4	34
18.4	36
18.4	39
18.4	44
18.4	47
19.5	42
19.6	3
19.6	18
19.6	24
19.6	31
19.6	35
19.7	2
19.7	4
19.7	13
19.7	14
19.7	15
19.7	19
19.7	23
19.7	32
19.7	33
19.7	40
19.7	43
19.7	45
19.7	46
19.7	49
20.9	37
21	8
21	10
21	17
21	25
21	29
21.1	0
21.1	5
21.1	6
21.1	11
21.1	16
21.1	20
21.1	21
21.1	26
21.1	27
21.1	30
21.1	34
21.1	38
21.1	41
21.1	44
21.2	1
21.2	7
21.2	9
21.2	12
21.2	22
21.2	28
21.2	36
21.2	39
21.2	47
21.2	48
22.2	42
22.4	31
22.5	2
22.5	32
22.5	35
22.6	3
22.6	4
22.6	13
22.6	14
22.6	15
22.6	18
22.6	19
22.6	23
22.6	24
22.6	33
22.6	40
22.6	43
22.6	45
22.6	46
22.6	49
23.8	8
23.8	25
23.8	34
23.9	0
23.9	10
23.9	17
23.9	20
23.9	21
23.9	26
23.9	29
23.9	30
23.9	38
23.9	39
23.9	41
23.9	47
24	1
24	5
24	6
24	7
24	9
24	12
24	22
24	27
24	28
24	36
24	37
24	44
24	48
24.1	11
24.1	16
25.3	2
25.3	4
25.3	18
25.3	31
25.3	33
25.4	3
25.4	13
25.4	14
25.4	15
25.4	19
25.4	23
25.4	24
25.4	32
25.4	35
25.4	40
25.4	42
25.4	43
25.4	45
25.4	46
25.4	49
26.7	1
26.7	8
26.7	10
26.7	11
26.7	17
26.7	25
26.7	30
26.8	0
26.8	5
26.8	6
26.8	7
26.8	9
26.8	16
26.8	20
26.8	21
26.8	22
26.8	26
26.8	27
26.8	28
26.8	34
26.8	36
26.8	37
26.8	38
26.8	47
26.8	48
26.9	12
26.9	29
26.9	39
26.9	41
26.9	44
28.1	2
28.1	4
28.1	13
28.1	24
28.1	43
28.2	14
28.2	15
28.2	19
28.2	23
28.2	31
28.2	33
28.2	35
28.2	40
28.2	45
28.2	49
28.3	3
28.3	18
28.3	32
28.3	42
28.3	46
29.5	17
29.5	48
29.6	5
29.6	6
29.6	7
29.6	8
29.6	10
29.6	21
29.6	22
29.6	26
29.6	28
29.6	34
29.6	38
29.7	0
29.7	1
29.7	9
29.7	11
29.7	12
29.7	16
29.7	20
29.7	25
29.7	27
29.7	29
29.7	30
29.7	36
29.7	37
29.7	39
29.7	41
29.7	44
29.7	47
30.8	19
30.9	24
30.9	32
30.9	43
31	2
31	4
31	13
31	14
31	18
31	33
31	35
31	40
31	46
31.1	3
31.1	15
31.1	23
31.1	31
31.1	42
31.1	45
31.1	49
32.3	22
32.4	5
32.4	17
32.4	25
32.4	26
32.4	48
32.5	0
32.5	1
32.5	6
32.5	7
32.5	8
32.5	9
32.5	10
32.5	11
32.5	12
32.5	16
32.5	20
32.5	21
32.5	27
32.5	28
32.5	29
32.5	34
32.5	36
32.5	37
32.5	38
32.5	39
32.5	44
32.5	47
32.6	30
32.6	41
33.7	19
33.8	4
33.8	18
33.8	23
33.8	24
33.8	35
33.8	42
33.8	43
33.9	2
33.9	3
33.9	13
33.9	14
33.9	15
33.9	31
33.9	32
33.9	33
33.9	45
33.9	46
33.9	49
34	40
35.1	47
35.2	0
35.2	20
35.2	21
35.3	1
35.3	5
35.3	9
35.3	10
35.3	16
35.3	17
35.3	26
35.3	27
35.3	28
35.3	30
35.3	34
35.3	37
35.3	38
35.3	44
35.4	6
35.4	7
35.4	8
35.4	11
35.4	12
35.4	22
35.4	25
35.4	29
35.4	36
35.4	39
35.4	41
35.4	48
36.6	24
36.7	3
36.7	4
36.7	15
36.7	19
36.7	23
36.7	32
36.7	35
36.7	42
36.7	43
36.7	45
36.7	49
36.8	2
36.8	13
36.8	14
36.8	18
36.8	31
36.8	33
36.8	40
36.8	46
38	38
38.1	7
38.1	8
38.1	10
38.1	21
38.1	28
38.1	39
38.1	44
38.2	0
38.2	1
38.2	5
38.2	6
38.2	9
38.2	11
38.2	12
38.2	16
38.2	17
38.2	20
38.2	22
38.2	25
38.2	26
38.2	27
38.2	29
38.2	30
38.2	34
38.2	36
38.2	37
38.2	41
38.2	47
38.2	48
39.5	3
39.5	23
39.5	31
39.5	42
39.5	46
39.6	2
39.6	4
39.6	13
39.6	14
39.6	15
39.6	18
39.6	19
39.6	24
39.6	32
39.6	33
39.6	35
39.6	40
39.6	43
39.6	45
39.6	49
40.8	38
40.9	7
40.9	8
40.9	20
40.9	22
40.9	41
41	0
41	1
41	6
41	9
41	10
41	11
41	12
41	16
41	17
41	21
41	25
41	27
41	28
41	29
41	30
41	34
41	37
41	39
41	44
41	47
41	48
41.1	5
41.1	26
41.1	36
42.2	3
42.3	15
42.3	23
42.3	46
42.4	2
42.4	4
42.4	13
42.4	14
42.4	18
42.4	19
42.4	24
42.4	31
42.4	32
42.4	33
42.4	35
42.4	42
42.4	43
42.4	45
42.4	49
42.5	40
43.6	38
43.6	41
43.7	21
43.7	29
43.8	0
43.8	8
43.8	11
43.8	12
43.8	16
43.8	20
43.8	22
43.8	25
43.8	44
43.9	1
43.9	5
43.9	6
43.9	7
43.9	9
43.9	10
43.9	17
43.9	26
43.9	27
43.9	28
43.9	30
43.9	34
43.9	36
43.9	37
43.9	39
43.9	47
43.9	48
45.1	4
45.1	18
45.1	24
45.1	42
45.1	46
45.2	3
45.2	15
45.2	19
45.2	31
45.2	32
45.2	35
45.2	40
45.2	43
45.2	45
45.2	49
45.3	2
45.3	13
45.3	14
45.3	23
45.3	33
46.3	38
46.5	0
46.5	8
46.5	41
46.6	5
46.6	6
46.6	20
46.6	21
46.6	34
46.7	1
46.7	7
46.7	9
46.7	10
46.7	11
46.7	12
46.7	16
46.7	17
46.7	22
46.7	25
46.7	26
46.7	27
46.7	28
46.7	29
46.7	30
46.7	36
46.7	37
46.7	39
46.7	44
46.7	47
46.7	48
47.9	24
48	3
48	4
48	18
48	31
48	33
48	40
48	42
48	43
48	45
48	49
48.1	2
48.1	13
48.1	14
48.1	15
48.1	19
48.1	23
48.1	32
48.1	35
48.1	46
49.4	0
49.4	6
49.4	44
49.5	1
49.5	5
49.5	7
49.5	8
49.5	9
49.5	10
49.5	11
49.5	12
49.5	16
49.5	17
49.5	20
49.5	21
49.5	25
49.5	26
49.5	27
49.5	28
49.5	29
49.5	30
49.5	34
49.5	36
49.5	37
49.5	38
49.5	39
49.5	41
49.5	47
49.5	48
49.6	22
50.6	42
50.8	4
50.8	13
50.8	24
50.9	2
50.9	3
50.9	14
50.9	15
50.9	18
50.9	19
50.9	23
50.9	31
50.9	33
50.9	35
50.9	40
50.9	43
50.9	45
50.9	46
50.9	49
51	32
52.2	8
52.2	10
52.2	17
52.2	30
52.2	36
52.3	0
52.3	5
52.3	6
52.3	7
52.3	9
52.3	11
52.3	12
52.3	20
52.3	21
52.3	25
52.3	26
52.3	28
52.3	29
52.3	38
52.3	39
52.3	48
52.4	1
52.4	16
52.4	22
52.4	27
52.4	34
52.4	37
52.4	41
52.4	44
52.4	47
53.5	42
53.6	15
53.7	4
53.7	14
53.7	18
53.7	19
53.7	23
53.7	24
53.7	31
53.7	32
53.7	46
53.7	49
53.8	2
53.8	3
53.8	13
53.8	33
53.8	35
53.8	40
53.8	43
53.8	45
55	8
55.1	9
55.1	10
55.1	11
55.1	12
55.1	17
55.1	28
55.1	30
55.1	41
55.1	44
55.1	48
55.2	0
55.2	1
55.2	5
55.2	6
55.2	7
55.2	16
55.2	20
55.2	21
55.2	22
55.2	25
55.2	26
55.2	27
55.2	29
55.2	34
55.2	36
55.2	37
55.2	38
55.2	39
55.2	47
56.5	13
56.5	14
56.5	15
56.5	42
56.6	2
56.6	3
56.6	4
56.6	18
56.6	19
56.6	23
56.6	24
56.6	31
56.6	32
56.6	33
56.6	35
56.6	40
56.6	43
56.6	45
56.6	46
56.6	49
57.8	8
57.9	17
57.9	21
57.9	44
58	5
58	6
58	7
58	9
58	10
58	11
58	12
58	20
58	22
58	25
58	26
58	27
58	28
58	30
58	34
58	36
58	37
58	38
58	39
58	41
58	47
58	48
58.1	0
58.1	1
58.1	16
58.1	29
59.2	14
59.3	31
59.3	32
59.3	40
59.4	2
59.4	3
59.4	4
59.4	13
59.4	15
59.4	18
59.4	19
59.4	23
59.4	24
59.4	33
59.4	35
59.4	42
59.4	43
59.4	45
59.5	46
59.5	49
60.8	5
60.8	7
60.8	8
60.8	11
60.8	16
60.8	20
60.8	25
60.8	27
60.8	28
60.8	29
60.8	30
60.8	34
60.8	36
60.8	37
60.8	38
60.8	44
60.8	48
60.9	0
60.9	1
60.9	6
60.9	9
60.9	10
60.9	12
60.9	17
60.9	21
60.9	22
60.9	26
60.9	39
60.9	41
60.9	47
62.1	18
62.1	24
62.2	2
62.2	3
62.2	4
62.2	14
62.2	19
62.2	32
62.2	43
62.2	49
62.3	13
62.3	15
62.3	23
62.3	31
62.3	33
62.3	35
62.3	40
62.3	42
62.3	45
62.3	46
63.5	8
63.5	20
63.6	6
63.6	7
63.6	9
63.6	17
63.6	27
63.6	28
63.6	36
63.7	0
63.7	1
63.7	5
63.7	10
63.7	11
63.7	12
63.7	16
63.7	21
63.7	22
63.7	25
63.7	26
63.7	29
63.7	30
63.7	34
63.7	37
63.7	38
63.7	39
63.7	41
63.7	44
63.7	47
63.7	48
65	3
65	4
65	14
65	18
65	19
65	40
65	43
65.1	2
65.1	13
65.1	15
65.1	23
65.1	24
65.1	31
65.1	32
65.1	33
65.1	35
65.1	42
65.1	45
65.1	49
65.2	46
66.4	9
66.4	17
66.5	0
66.5	1
66.5	5
66.5	6
66.5	7
66.5	8
66.5	10
66.5	11
66.5	12
66.5	16
66.5	20
66.5	21
66.5	22
66.5	25
66.5	26
66.5	27
66.5	28
66.5	29
66.5	30
66.5	34
66.5	36
66.5	37
66.5	39
66.5	44
66.5	47
66.5	48
66.6	38
66.6	41
67.9	19
67.9	24
67.9	42
68	2
68	3
68	4
68	13
68	14
68	15
68	18
68	23
68	31
68	32
68	33
68	35
68	40
68	43
68	45
68	46
68	49
69.3	8
69.3	41
69.4	0
69.4	1
69.4	5
69.4	6
69.4	9
69.4	12
69.4	16
69.4	17
69.4	21
69.4	22
69.4	25
69.4	26
69.4	27
69.4	29
69.4	34
69.4	36
69.4	37
69.4	38
69.4	39
69.4	44
69.4	47
69.4	48
69.5	7
69.5	10
69.5	11
69.5	20
69.5	28
69.5	30
70.8	19
70.8	31
70.9	2
70.9	3
70.9	4
70.9	13
70.9	14
70.9	15
70.9	18
70.9	23
70.9	24
70.9	32
70.9	33
70.9	35
70.9	40
70.9	42
70.9	43
70.9	45
70.9	46
70.9	49
72.1	44
72.3	1
72.3	5
72.3	6
72.3	7
72.3	8
72.3	9
72.3	10
72.3	17
72.3	22
72.3	26
72.3	27
72.3	34
72.3	36
72.3	37
72.3	38
72.3	41
72.3	47
72.3	48
72.4	0
72.4	11
72.4	12
72.4	16
72.4	20
72.4	21
72.4	25
72.4	28
72.4	29
72.4	30
72.4	39
73.6	19
73.6	23
73.7	13
73.7	42
73.8	2
73.8	3
73.8	4
73.8	14
73.8	15
73.8	18
73.8	24
73.8	31
73.8	32
73.8	33
73.8	35
73.8	40
73.8	43
73.8	45
73.8	46
73.8	49
75	29
75	44
75.1	48
75.2	0
75.2	5
75.2	7
75.2	9
75.2	25
75.2	27
75.2	34
75.2	41
75.3	1
75.3	6
75.3	8
75.3	10
75.3	16
75.3	20
75.3	21
75.3	22
75.3	26
75.3	28
75.3	30
75.3	37
75.3	38
75.4	11
75.4	12
75.4	17
75.4	36
75.4	39
75.4	47
76.4	23
76.5	45
76.6	4
76.6	19
76.6	33
76.6	43
76.7	3
76.7	13
76.7	18
76.7	24
76.7	31
76.7	32
76.7	35
76.7	40
76.7	42
76.7	46
76.7	49
76.8	2
76.8	14
76.8	15
77.9	44
78.1	5
78.1	6
78.1	10
78.1	41
78.2	0
78.2	1
78.2	7
78.2	8
78.2	9
78.2	11
78.2	12
78.2	16
78.2	17
78.2	20
78.2	21
78.2	22
78.2	25
78.2	26
78.2	27
78.2	28
78.2	29
78.2	30
78.2	34
78.2	36
78.2	37
78.2	38
78.2	39
78.2	47
78.2	48
79.5	18
79.5	23
79.6	2
79.6	4
79.6	13
79.6	14
79.6	19
79.6	24
79.6	31
79.6	32
79.6	33
79.6	35
79.6	40
79.6	42
79.6	43
79.6	45
79.6	49
79.7	3
79.7	15
79.7	46
81	6
81	25
81	28
81	29
81	41
81.1	0
81.1	1
81.1	5
81.1	7
81.1	8
81.1	9
81.1	10
81.1	11
81.1	12
81.1	16
81.1	17
81.1	20
81.1	21
81.1	22
81.1	26
81.1	27
81.1	30
81.1	34
81.1	36
81.1	37
81.1	38
81.1	39
81.1	44
81.1	47
81.1	48
82.2	40
82.3	43
82.4	35
82.5	2
82.5	3
82.5	4
82.5	13
82.5	14
82.5	18
82.5	19
82.5	23
82.5	24
82.5	31
82.5	32
82.5	33
82.5	42
82.5	46
82.5	49
82.6	15
82.6	45
83.8	17
83.9	1
83.9	7
83.9	10
83.9	25
83.9	27
83.9	41
84	0
84	5
84	6
84	8
84	9
84	11
84	12
84	16
84	20
84	21
84	22
84	26
84	28
84	29
84	30
84	34
84	36
84	37
84	38
84	39
84	44
84	47
84	48
85.2	43
85.3	3
85.3	40
85.3	45
85.4	2
85.4	4
85.4	14
85.4	15
85.4	18
85.4	19
85.4	23
85.4	24
85.4	31
85.4	32
85.4	33
85.4	35
85.4	42
85.4	46
85.4	49
85.5	13
86.8	1
86.8	5
86.8	38
86.8	39
86.8	44
86.9	0
86.9	6
86.9	7
86.9	8
86.9	9
86.9	10
86.9	11
86.9	12
86.9	16
86.9	17
86.9	20
86.9	21
86.9	22
86.9	25
86.9	26
86.9	27
86.9	28
86.9	29
86.9	30
86.9	34
86.9	36
86.9	37
86.9	41
86.9	47
86.9	48
88.2	14
88.2	23
88.2	43
88.3	2
88.3	4
88.3	13
88.3	15
88.3	18
88.3	19
88.3	24
88.3	31
88.3	32
88.3	35
88.3	40
88.3	42
88.3	45
88.3	49
88.4	3
88.4	33
88.4	46
89.6	5
89.7	8
89.7	21
89.7	36
89.7	41
89.8	0
89.8	1
89.8	6
89.8	7
89.8	9
89.8	10
89.8	11
89.8	12
89.8	16
89.8	17
89.8	20
89.8	22
89.8	25
89.8	26
89.8	27
89.8	28
89.8	29
89.8	30
89.8	34
89.8	37
89.8	38
89.8	39
89.8	44
89.8	47
89.8	48
91.1	24
91.2	3
91.2	4
91.2	13
91.2	14
91.2	15
91.2	18
91.2	23
91.2	31
91.2	32
91.2	43
91.2	45
91.3	2
91.3	19
91.3	33
91.3	35
91.3	40
91.3	42
91.3	46
91.3	49
92.5	27
92.6	6
92.6	22
92.6	28
92.6	36
92.6	38
92.7	0
92.7	1
92.7	5
92.7	7
92.7	8
92.7	9
92.7	10
92.7	11
92.7	12
92.7	16
92.7	17
92.7	20
92.7	21
92.7	25
92.7	26
92.7	29
92.7	30
92.7	34
92.7	37
92.7	39
92.7	41
92.7	44
92.7	47
92.7	48
94	18
94.1	2
94.1	14
94.1	15
94.1	19
94.1	23
94.1	24
94.1	31
94.1	32
94.1	35
94.1	42
94.1	43
94.1	45
94.1	46
94.2	3
94.2	4
94.2	13
94.2	33
94.2	40
94.2	49
95.3	28
95.4	11
95.5	1
95.5	16
95.5	20
95.5	26
95.5	41
95.5	48
95.6	0
95.6	5
95.6	6
95.6	7
95.6	8
95.6	9
95.6	10
95.6	12
95.6	17
95.6	21
95.6	22
95.6	25
95.6	27
95.6	29
95.6	30
95.6	34
95.6	36
95.6	37
95.6	38
95.6	39
95.6	44
95.6	47
96.9	14
97	3
97	4
97	13
97	15
97	18
97	19
97	23
97	24
97	32
97	33
97	35
97	40
97	42
97	43
97	45
97	46
97	49
97.1	2
97.1	31
98.1	1
98.3	28
98.4	0
98.4	10
98.5	5
98.5	6
98.5	7
98.5	8
98.5	9
98.5	11
98.5	12
98.5	16
98.5	17
98.5	20
98.5	21
98.5	22
98.5	25
98.5	26
98.5	27
98.5	29
98.5	30
98.5	34
98.5	36
98.5	37
98.5	38
98.5	39
98.5	41
98.5	44
98.5	47
98.5	48
99.7	14
99.7	35
99.8	13
99.9	3
99.9	18
99.9	23
99.9	33
99.9	40
99.9	42
99.9	45
100	2
100	4
100	15
100	19
100	24
100	31
100	32
100	43
100	46
100	49
101.3	1
101.3	28
101.4	0
101.4	5
101.4	6
101.4	7
101.4	8
101.4	9
101.4	10
101.4	11
101.4	12
101.4	16
101.4	17
101.4	20
101.4	21
101.4	22
101.4	25
101.4	26
101.4	27
101.4	29
101.4	30
101.4	34
101.4	36
101.4	37
101.4	38
101.4	39
101.4	41
101.4	44
101.4	47
101.4	48
102.8	2
102.8	3
102.8	13
102.8	14
102.8	15
102.8	18
102.8	19
102.8	23
102.8	24
102.8	31
102.8	33
102.8	35
102.8	40
102.8	42
102.8	43
102.8	46
102.8	49
102.9	4
102.9	32
102.9	45
104.2	28
104.2	34
104.2	37
104.3	0
104.3	1
104.3	5
104.3	6
104.3	7
104.3	8
104.3	9
104.3	10
104.3	11
104.3	12
104.3	16
104.3	17
104.3	20
104.3	21
104.3	22
104.3	25
104.3	26
104.3	27
104.3	29
104.3	30
104.3	36
104.3	38
104.3	39
104.3	41
104.3	44
104.3	47
104.3	48
105.4	43
105.7	3
105.7	13
105.7	14
105.7	15
105.7	18
105.7	19
105.7	24
105.7	32
105.7	33
105.7	35
105.7	42
105.7	45
105.7	46
105.8	2
105.8	4
105.8	23
105.8	31
105.8	40
105.8	49
107.1	6
107.2	0
107.2	1
107.2	5
107.2	7
107.2	8
107.2	9
107.2	10
107.2	11
107.2	12
107.2	16
107.2	17
107.2	20
107.2	21
107.2	22
107.2	25
107.2	26
107.2	27
107.2	28
107.2	29
107.2	30
107.2	34
107.2	36
107.2	37
107.2	38
107.2	39
107.2	41
107.2	44
107.2	47
107.2	48
108.5	14
108.5	24
108.5	43
108.6	2
108.6	15
108.6	18
108.6	19
108.6	35
108.6	45
108.6	46
108.7	3
108.7	4
108.7	13
108.7	23
108.7	31
108.7	32
108.7	33
108.7	40
108.7	42
108.7	49
109.9	30
110	8
110	20
110	41
110.1	0
110.1	1
110.1	5
110.1	6
110.1	7
110.1	9
110.1	10
110.1	11
110.1	12
110.1	16
110.1	17
110.1	21
110.1	22
110.1	25
110.1	26
110.1	27
110.1	28
110.1	29
110.1	34
110.1	36
110.1	37
110.1	38
110.1	39
110.1	44
110.1	47
110.1	48
111.4	2
111.4	13
111.4	19
111.4	46
111.5	3
111.5	14
111.5	15
111.5	18
111.5	23
111.5	24
111.5	33
111.5	35
111.5	45
111.6	4
111.6	31
111.6	32
111.6	40
111.6	42
111.6	43
111.6	49
112.7	47
112.8	20
112.9	8
112.9	30
112.9	38
113	0
113	1
113	5
113	6
113	7
113	9
113	10
113	11
113	12
113	16
113	17
113	21
113	22
113	25
113	26
113	27
113	28
113	29
113	34
113	36
113	37
113	39
113	41
113	44
113	48
114.3	13
114.3	19
114.3	40
114.4	2
114.4	3
114.4	14
114.4	15
114.4	23
114.4	24
114.4	32
114.4	35
114.4	46
114.5	4
114.5	18
114.5	31
114.5	33
114.5	42
114.5	43
114.5	45
114.5	49
115.7	36
115.8	5
115.8	28
115.8	38
115.8	47
115.9	0
115.9	1
115.9	6
115.9	7
115.9	8
115.9	9
115.9	10
115.9	11
115.9	12
115.9	17
115.9	20
115.9	21
115.9	22
115.9	25
115.9	26
115.9	27
115.9	29
115.9	30
115.9	34
115.9	37
115.9	39
115.9	41
115.9	44
115.9	48
116	16
117.1	3
117.2	2
117.2	24
117.3	4
117.3	13
117.3	14
117.3	15
117.3	19
117.3	23
117.3	31
117.3	33
117.3	40
117.3	42
117.3	43
117.3	45
117.4	18
117.4	32
117.4	35
117.4	46
117.4	49
118.7	6
118.7	12
118.7	22
118.7	28
118.7	30
118.7	47
118.8	0
118.8	1
118.8	5
118.8	7
118.8	8
118.8	9
118.8	10
118.8	11
118.8	16
118.8	17
118.8	20
118.8	21
118.8	25
118.8	26
118.8	27
118.8	29
118.8	34
118.8	36
118.8	37
118.8	38
118.8	39
118.8	41
118.8	44
118.8	48
120.1	3
120.1	4
120.2	2
120.2	13
120.2	14
120.2	15
120.2	19
120.2	24
120.2	40
120.2	42
120.2	43
120.2	45
120.3	18
120.3	23
120.3	31
120.3	32
120.3	33
120.3	35
120.3	46
120.3	49
121.4	12
121.5	22
121.6	21
121.6	34
121.7	1
121.7	5
121.7	6
121.7	7
121.7	8
121.7	10
121.7	11
121.7	16
121.7	17
121.7	20
121.7	25
121.7	26
121.7	27
121.7	28
121.7	29
121.7	30
121.7	36
121.7	37
121.7	38
121.7	39
121.7	41
121.7	44
121.7	47
121.7	48
121.8	0
121.8	9
122.9	19
123	2
123	13
123.1	3
123.1	4
123.1	14
123.1	24
123.1	31
123.1	40
123.1	42
123.1	43
123.1	45
123.2	15
123.2	18
123.2	23
123.2	32
123.2	33
123.2	35
123.2	46
123.2	49
124.4	12
124.5	21
124.5	22
124.5	29
124.5	36
124.5	38
124.6	0
124.6	1
124.6	5
124.6	6
124.6	7
124.6	9
124.6	10
124.6	11
124.6	16
124.6	20
124.6	25
124.6	26
124.6	27
124.6	28
124.6	30
124.6	41
124.6	44
124.6	47
124.6	48
124.7	8
124.7	17
124.7	34
124.7	37
124.7	39
125.9	2
126	3
126	4
126	14
126	19
126	23
126	31
126	32
126	40
126	43
126.1	13
126.1	15
126.1	18
126.1	24
126.1	33
126.1	35
126.1	42
126.1	45
126.1	46
126.1	49
127.4	38
127.5	5
127.5	6
127.5	7
127.5	8
127.5	9
127.5	10
127.5	11
127.5	12
127.5	16
127.5	20
127.5	21
127.5	22
127.5	26
127.5	27
127.5	34
127.5	36
127.5	39
127.5	41
127.5	44
127.5	47
127.5	48
127.6	0
127.6	1
127.6	17
127.6	25
127.6	28
127.6	29
127.6	30
127.6	37
128.8	2
128.8	24
128.9	3
128.9	15
128.9	19
128.9	31
128.9	42
128.9	43
128.9	49
129	4
129	13
129	14
129	18
129	23
129	32
129	33
129	35
129	40
129	45
129	46
130.2	37
130.3	34
130.3	39
130.4	5
130.4	6
130.4	7
130.4	8
130.4	9
130.4	10
130.4	12
130.4	17
130.4	21
130.4	26
130.4	27
130.4	29
130.4	30
130.4	36
130.4	38
130.4	41
130.4	44
130.4	47
130.4	48
130.5	0
130.5	1
130.5	11
130.5	16
130.5	20
130.5	22
130.5	25
130.5	28
131.6	24
131.7	2
131.7	19
131.8	4
131.8	18
131.8	35
131.8	43
131.9	3
131.9	13
131.9	14
131.9	15
131.9	23
131.9	31
131.9	32
131.9	33
131.9	40
131.9	42
131.9	45
131.9	46
131.9	49
133.2	7
133.2	29
133.2	34
133.3	0
133.3	6
133.3	8
133.3	9
133.3	11
133.3	16
133.3	25
133.3	26
133.3	30
133.3	37
133.3	38
133.3	39
133.3	41
133.3	44
133.3	47
133.3	48
133.4	1
133.4	5
133.4	10
133.4	12
133.4	17
133.4	20
133.4	21
133.4	22
133.4	27
133.4	28
133.4	36
134.4	24
134.7	2
134.7	18
134.7	31
134.7	40
134.7	46
134.8	3
134.8	4
134.8	13
134.8	14
134.8	15
134.8	19
134.8	23
134.8	32
134.8	33
134.8	35
134.8	42
134.8	43
134.8	45
134.8	49
136	26
136.1	11
136.1	37
136.2	5
136.2	7
136.2	9
136.2	17
136.2	20
136.2	21
136.2	25
136.2	34
136.2	39
136.2	41
136.2	47
136.2	48
136.3	0
136.3	1
136.3	6
136.3	8
136.3	10
136.3	12
136.3	16
136.3	22
136.3	27
136.3	28
136.3	29
136.3	30
136.3	36
136.3	38
136.3	44
137.3	24
137.5	23
137.6	18
137.6	19
137.6	31
137.6	40
137.7	2
137.7	3
137.7	4
137.7	13
137.7	14
137.7	15
137.7	32
137.7	33
137.7	35
137.7	42
137.7	43
137.7	45
137.7	46
137.7	49
139	7
139.1	5
139.1	6
139.1	8
139.1	16
139.1	17
139.1	20
139.1	25
139.1	26
139.1	27
139.1	37
139.1	39
139.1	41
139.1	44
139.1	47
139.2	0
139.2	1
139.2	9
139.2	10
139.2	11
139.2	12
139.2	21
139.2	22
139.2	28
139.2	29
139.2	30
139.2	34
139.2	36
139.2	38
139.2	48
140.4	40
140.5	18
140.5	24
140.6	2
140.6	3
140.6	4
140.6	13
140.6	14
140.6	15
140.6	19
140.6	23
140.6	31
140.6	32
140.6	33
140.6	35
140.6	42
140.6	43
140.6	45
140.6	46
140.6	49
142	0
142	6
142	11
142	16
142	17
142	25
142	27
142	28
142	30
142	36
142	38
142	47
142.1	1
142.1	5
142.1	7
142.1	8
142.1	9
142.1	10
142.1	12
142.1	20
142.1	21
142.1	22
142.1	26
142.1	29
142.1	34
142.1	37
142.1	39
142.1	41
142.1	44
142.1	48
143.4	24
143.4	31
143.5	2
143.5	3
143.5	4
143.5	13
143.5	14
143.5	15
143.5	18
143.5	19
143.5	23
143.5	32
143.5	33
143.5	35
143.5	40
143.5	42
143.5	43
143.5	45
143.5	46
143.5	49
144.8	16
144.9	0
144.9	21
144.9	27
144.9	28
144.9	30
144.9	36
144.9	37
144.9	38
144.9	39
144.9	47
145	1
145	5
145	6
145	7
145	8
145	9
145	10
145	11
145	12
145	17
145	20
145	22
145	25
145	26
145	29
145	34
145	41
145	44
145	48
146.3	2
146.3	13
146.3	14
146.3	40
146.4	3
146.4	4
146.4	15
146.4	18
146.4	19
146.4	23
146.4	24
146.4	31
146.4	32
146.4	33
146.4	35
146.4	42
146.4	43
146.4	45
146.4	49
146.5	46
147.7	28
147.8	10
147.8	11
147.8	16
147.8	17
147.8	26
147.8	34
147.8	36
147.8	44
147.9	0
147.9	1
147.9	5
147.9	6
147.9	7
147.9	8
147.9	9
147.9	12
147.9	20
147.9	21
147.9	22
147.9	25
147.9	27
147.9	29
147.9	30
147.9	37
147.9	38
147.9	39
147.9	41
147.9	47
147.9	48
149.2	2
149.2	13
149.2	14
149.2	18
149.3	3
149.3	4
149.3	15
149.3	19
149.3	23
149.3	24
149.3	31
149.3	32
149.3	33
149.3	35
149.3	40
149.3	42
149.3	43
149.3	45
149.3	46
149.3	49
150.6	28
150.7	1
150.7	5
150.7	10
150.7	11
150.7	12
150.7	17
150.7	21
150.7	29
150.8	0
150.8	6
150.8	7
150.8	8
150.8	9
150.8	16
150.8	20
150.8	22
150.8	25
150.8	26
150.8	27
150.8	30
150.8	34
150.8	36
150.8	37
150.8	38
150.8	39
150.8	41
150.8	44
150.8	47
150.8	48
152.1	14
152.1	46
152.2	2
152.2	3
152.2	13
152.2	15
152.2	18
152.2	19
152.2	23
152.2	24
152.2	31
152.2	32
152.2	33
152.2	35
152.2	40
152.2	42
152.2	43
152.2	45
152.2	49
152.3	4
153.5	28
153.5	29
153.5	36
153.6	6
153.6	7
153.6	8
153.6	10
153.6	21
153.6	25
153.6	27
153.6	38
153.7	0
153.7	1
153.7	5
153.7	9
153.7	11
153.7	12
153.7	16
153.7	17
153.7	20
153.7	22
153.7	26
153.7	30
153.7	34
153.7	37
153.7	39
153.7	41
153.7	44
153.7	47
153.7	48
155	13
155	24
155	35
155	46
155.1	2
155.1	3
155.1	14
155.1	15
155.1	18
155.1	19
155.1	23
155.1	31
155.1	33
155.1	40
155.1	42
155.1	43
155.1	45
155.1	49
155.2	4
155.2	32
156.4	25
156.4	39
156.5	7
156.5	8
156.5	16
156.5	26
156.5	28
156.5	29
156.5	38
156.5	48
156.6	0
156.6	1
156.6	5
156.6	6
156.6	9
156.6	10
156.6	11
156.6	12
156.6	17
156.6	20
156.6	21
156.6	22
156.6	27
156.6	30
156.6	34
156.6	36
156.6	37
156.6	41
156.6	44
156.6	47
157.9	13
158	2
158	3
158	4
158	14
158	15
158	18
158	19
158	23
158	24
158	31
158	32
158	33
158	40
158	42
158	46
158	49
158.1	35
158.1	43
158.1	45
159.3	22
159.3	26
159.3	48
159.4	0
159.4	7
159.4	16
159.4	28
159.4	39
159.4	44
159.5	1
159.5	5
159.5	6
159.5	8
159.5	9
159.5	10
159.5	11
159.5	12
159.5	17
159.5	20
159.5	21
159.5	25
159.5	27
159.5	29
159.5	30
159.5	34
159.5	36
159.5	37
159.5	38
159.5	41
159.5	47
160.8	40
160.8	42
160.8	46
160.9	2
160.9	3
160.9	4
160.9	13
160.9	14
160.9	15
160.9	18
160.9	19
160.9	23
160.9	24
160.9	31
160.9	32
160.9	35
160.9	43
160.9	49
161	33
161	45
162.2	22
162.3	1
162.3	12
162.3	16
162.3	17
162.3	20
162.3	21
162.3	39
162.3	44
162.3	48
162.4	0
162.4	5
162.4	6
162.4	7
162.4	8
162.4	9
162.4	10
162.4	11
162.4	25
162.4	26
162.4	27
162.4	28
162.4	29
162.4	30
162.4	34
162.4	36
162.4	37
162.4	38
162.4	41
162.4	47
163.7	19
163.7	32
163.8	4
163.8	15
163.8	18
163.8	23
163.8	24
163.8	31
163.8	33
163.8	35
163.8	40
163.8	43
163.8	45
163.8	46
163.8	49
163.9	2
163.9	3
163.9	13
163.9	14
163.9	42
165.2	0
165.2	1
165.2	6
165.2	20
165.2	21
165.2	27
165.2	28
165.2	30
165.2	38
165.2	48
165.3	5
165.3	7
165.3	8
165.3	9
165.3	10
165.3	11
165.3	12
165.3	16
165.3	17
165.3	22
165.3	25
165.3	26
165.3	29
165.3	34
165.3	36
165.3	37
165.3	39
165.3	41
165.3	44
165.3	47
166.6	4
166.6	35
166.6	45
166.7	2
166.7	3
166.7	13
166.7	14
166.7	15
166.7	18
166.7	19
166.7	23
166.7	24
166.7	31
166.7	32
166.7	33
166.7	40
166.7	42
166.7	43
166.7	46
166.7	49
168	1
168	48
168.1	8
168.1	16
168.2	0
168.2	5
168.2	6
168.2	7
168.2	9
168.2	10
168.2	11
168.2	12
168.2	17
168.2	20
168.2	21
168.2	22
168.2	25
168.2	26
168.2	27
168.2	28
168.2	29
168.2	30
168.2	34
168.2	36
168.2	37
168.2	38
168.2	39
168.2	41
168.2	44
168.2	47
169.4	3
169.5	33
169.6	2
169.6	4
169.6	14
169.6	15
169.6	18
169.6	23
169.6	24
169.6	31
169.6	32
169.6	35
169.6	40
169.6	42
169.6	43
169.6	45
169.6	49
169.7	13
169.7	19
169.7	46
171	7
171	12
171	16
171	25
171	26
171	30
171	36
171	44
171	47
171.1	0
171.1	1
171.1	5
171.1	6
171.1	8
171.1	9
171.1	10
171.1	11
171.1	17
171.1	20
171.1	21
171.1	22
171.1	27
171.1	28
171.1	29
171.1	34
171.1	37
171.1	38
171.1	39
171.1	41
171.1	48
172.2	2
172.4	3
172.4	31
172.4	33
172.4	35
172.4	40
172.4	42
172.5	4
172.5	14
172.5	18
172.5	19
172.5	23
172.5	24
172.5	32
172.5	43
172.5	46
172.5	49
172.6	13
172.6	15
172.6	45
173.9	7
173.9	12
173.9	25
173.9	29
173.9	36
173.9	38
173.9	48
174	0
174	1
174	5
174	6
174	8
174	9
174	10
174	11
174	16
174	17
174	20
174	21
174	22
174	26
174	27
174	28
174	30
174	34
174	37
174	39
174	41
174	44
174	47
175	2
175.2	4
175.3	3
175.3	18
175.3	35
175.3	40
175.3	42
175.4	14
175.4	15
175.4	23
175.4	24
175.4	31
175.4	33
175.4	43
175.4	46
175.4	49
175.5	13
175.5	19
175.5	32
175.5	45
176.8	8
176.8	12
176.8	25
176.8	26
176.8	28
176.9	0
176.9	1
176.9	5
176.9	6
176.9	7
176.9	9
176.9	10
176.9	11
176.9	16
176.9	17
176.9	20
176.9	21
176.9	22
176.9	27
176.9	29
176.9	30
176.9	34
176.9	36
176.9	37
176.9	38
176.9	39
176.9	41
176.9	44
176.9	47
176.9	48
178.1	46
178.2	2
178.2	14
178.2	35
178.2	43
178.3	3
178.3	4
178.3	15
178.3	18
178.3	31
178.3	33
178.3	42
178.3	45
178.4	13
178.4	19
178.4	23
178.4	24
178.4	32
178.4	40
178.4	49
179.6	8
179.7	6
179.7	20
179.7	22
179.7	25
179.7	27
179.8	0
179.8	1
179.8	5
179.8	7
179.8	9
179.8	10
179.8	11
179.8	12
179.8	16
179.8	17
179.8	21
179.8	26
179.8	28
179.8	29
179.8	30
179.8	34
179.8	36
179.8	37
179.8	38
179.8	39
179.8	41
179.8	44
179.8	47
179.8	48
181.1	14
181.1	43
181.1	46
181.2	2
181.2	13
181.2	15
181.2	18
181.2	31
181.2	33
181.2	35
181.2	40
181.2	45
181.2	49
181.3	3
181.3	4
181.3	19
181.3	23
181.3	24
181.3	32
181.3	42
182.4	26
182.6	6
182.6	8
182.6	37
182.6	41
182.6	44
182.7	0
182.7	1
182.7	5
182.7	7
182.7	9
182.7	10
182.7	11
182.7	12
182.7	16
182.7	17
182.7	20
182.7	21
182.7	22
182.7	25
182.7	27
182.7	28
182.7	29
182.7	30
182.7	34
182.7	36
182.7	38
182.7	39
182.7	47
182.7	48
183.9	14
184.1	2
184.1	4
184.1	13
184.1	31
184.1	32
184.1	33
184.1	40
184.1	42
184.1	43
184.1	45
184.1	46
184.1	49
184.2	3
184.2	15
184.2	18
184.2	19
184.2	23
184.2	24
184.2	35
185.4	26
185.4	37
185.4	38
185.5	0
185.5	9
185.5	11
185.5	20
185.6	1
185.6	5
185.6	6
185.6	7
185.6	8
185.6	10
185.6	12
185.6	16
185.6	17
185.6	21
185.6	22
185.6	25
185.6	27
185.6	28
185.6	29
185.6	30
185.6	34
185.6	36
185.6	39
185.6	41
185.6	44
185.6	47
185.6	48
187	4
187	13
187	14
187	15
187	19
187	23
187	24
187	31
187	32
187	42
187.1	2
187.1	3
187.1	18
187.1	33
187.1	35
187.1	40
187.1	43
187.1	45
187.1	46
187.1	49
188.4	17
188.4	20
188.4	26
188.4	30
188.4	37
188.5	0
188.5	1
188.5	5
188.5	7
188.5	8
188.5	9
188.5	10
188.5	11
188.5	12
188.5	16
188.5	21
188.5	22
188.5	27
188.5	28
188.5	29
188.5	34
188.5	36
188.5	38
188.5	39
188.5	41
188.5	44
188.5	47
188.5	48
188.6	6
188.6	25
189.6	19
189.8	45
189.9	2
189.9	13
189.9	15
189.9	23
189.9	31
189.9	32
189.9	35
189.9	40
189.9	42
189.9	49
190	3
190	4
190	14
190	18
190	24
190	33
190	43
190	46
191.3	21
191.3	26
191.3	34
191.4	0
191.4	1
191.4	5
191.4	6
191.4	7
191.4	8
191.4	9
191.4	11
191.4	12
191.4	16
191.4	17
191.4	20
191.4	22
191.4	25
191.4	27
191.4	28
191.4	29
191.4	30
191.4	36
191.4	37
191.4	38
191.4	39
191.4	41
191.4	44
191.4	47
191.4	48
191.5	10
192.7	2
192.7	13
192.7	45
192.8	3
192.8	18
192.8	19
192.8	23
192.8	31
192.8	42
192.8	49
192.9	4
192.9	14
192.9	15
192.9	24
192.9	32
192.9	33
192.9	35
192.9	40
192.9	43
192.9	46
194.2	29
194.2	30
194.2	34
194.3	0
194.3	1
194.3	5
194.3	6
194.3	8
194.3	9
194.3	11
194.3	12
194.3	17
194.3	20
194.3	21
194.3	22
194.3	25
194.3	26
194.3	27
194.3	28
194.3	36
194.3	39
194.3	41
194.3	44
194.3	47
194.3	48
194.4	7
194.4	10
194.4	16
194.4	37
194.4	38
195.7	13
195.7	14
195.7	18
195.7	19
195.7	31
195.7	33
195.7	42
195.7	43
195.7	49
195.8	2
195.8	3
195.8	4
195.8	15
195.8	23
195.8	24
195.8	32
195.8	35
195.8	40
195.8	45
195.8	46
197.1	12
197.1	17
197.2	0
197.2	1
197.2	5
197.2	6
197.2	7
197.2	8
197.2	9
197.2	10
197.2	11
197.2	20
197.2	21
197.2	25
197.2	26
197.2	28
197.2	29
197.2	30
197.2	34
197.2	36
197.2	37
197.2	38
197.2	39
197.2	41
197.2	48
197.3	16
197.3	22
197.3	27
197.3	44
197.3	47
198.5	18
198.6	13
198.6	24
198.6	42
198.6	49
198.7	2
198.7	3
198.7	4
198.7	14
198.7	15
198.7	19
198.7	23
198.7	31
198.7	32
198.7	33
198.7	35
198.7	40
198.7	43
198.7	45
198.7	46
199.9	17
199.9	30
200	6
200	36
200	48
200.1	0
200.1	1
200.1	5
200.1	7
200.1	10
200.1	11
200.1	12
200.1	16
200.1	20
200.1	21
200.1	22
200.1	26
200.1	27
200.1	28
200.1	29
200.1	34
200.1	38
200.1	39
200.1	41
200.1	44
200.1	47
200.2	8
200.2	9
200.2	25
200.2	37
201.5	3
201.5	13
201.5	24
201.5	45
201.5	46
201.5	49
201.6	2
201.6	4
201.6	14
201.6	15
201.6	18
201.6	19
201.6	23
201.6	31
201.6	32
201.6	33
201.6	35
201.6	40
201.6	42
201.6	43
202.8	29
202.8	39
202.9	20
203	0
203	1
203	5
203	6
203	7
203	8
203	10
203	11
203	12
203	16
203	17
203	21
203	26
203	27
203	30
203	34
203	36
203	37
203	44
203	47
203	48
203.1	9
203.1	22
203.1	25
203.1	28
203.1	38
203.1	41
204.4	3
204.4	18
204.4	42
204.4	45
204.4	49
204.5	2
204.5	4
204.5	13
204.5	14
204.5	15
204.5	19
204.5	23
204.5	24
204.5	31
204.5	32
204.5	33
204.5	35
204.5	40
204.5	43
204.5	46
205.7	10
205.7	17
205.7	29
205.8	16
205.8	34
205.8	39
205.9	0
205.9	1
205.9	5
205.9	6
205.9	7
205.9	8
205.9	9
205.9	11
205.9	12
205.9	20
205.9	21
205.9	26
205.9	36
205.9	37
205.9	38
205.9	41
205.9	44
205.9	47
205.9	48
206	22
206	25
206	27
206	28
206	30
207.3	2
207.3	43
207.3	45
207.4	3
207.4	4
207.4	13
207.4	14
207.4	15
207.4	18
207.4	19
207.4	23
207.4	24
207.4	31
207.4	32
207.4	33
207.4	35
207.4	40
207.4	42
207.4	46
207.4	49
208.4	29
208.5	17
208.7	26
208.7	44
208.8	0
208.8	5
208.8	6
208.8	7
208.8	8
208.8	9
208.8	10
208.8	16
208.8	20
208.8	21
208.8	27
208.8	28
208.8	38
208.8	48
208.9	1
208.9	11
208.9	12
208.9	22
208.9	25
208.9	30
208.9	34
208.9	36
208.9	37
208.9	39
208.9	41
208.9	47
210.1	13
210.1	49
210.2	23
210.2	31
210.2	46
210.3	2
210.3	3
210.3	4
210.3	14
210.3	15
210.3	18
210.3	19
210.3	24
210.3	32
210.3	33
210.3	35
210.3	40
210.3	42
210.3	43
210.3	45
211.6	16
211.6	17
211.6	20
211.6	29
211.7	1
211.7	5
211.7	6
211.7	7
211.7	8
211.7	9
211.7	10
211.7	11
211.7	12
211.7	21
211.7	22
211.7	26
211.7	28
211.7	34
211.7	36
211.7	38
211.7	39
211.7	44
211.7	48
211.8	0
211.8	25
211.8	27
211.8	30
211.8	37
211.8	41
211.8	47
212.9	46
213	4
213	14
213.1	32
213.1	45
213.2	2
213.2	3
213.2	13
213.2	15
213.2	18
213.2	19
213.2	23
213.2	24
213.2	31
213.2	33
213.2	35
213.2	40
213.2	42
213.2	43
213.2	49
214.5	8
214.6	1
214.6	5
214.6	6
214.6	9
214.6	16
214.6	22
214.6	27
214.6	28
214.6	29
214.6	34
214.6	38
214.6	39
214.6	44
214.6	47
214.7	0
214.7	7
214.7	10
214.7	11
214.7	12
214.7	17
214.7	20
214.7	21
214.7	25
214.7	26
214.7	30
214.7	36
214.7	37
214.7	41
214.7	48
215.6	46
216	4
216	32
216.1	2
216.1	3
216.1	13
216.1	14
216.1	15
216.1	18
216.1	19
216.1	23
216.1	24
216.1	31
216.1	33
216.1	35
216.1	40
216.1	42
216.1	43
216.1	45
216.1	49
217.5	0
217.5	1
217.5	5
217.5	7
217.5	9
217.5	12
217.5	16
217.5	20
217.5	26
217.5	27
217.5	28
217.5	29
217.5	36
217.5	38
217.5	41
217.5	44
217.6	6
217.6	8
217.6	10
217.6	11
217.6	17
217.6	21
217.6	22
217.6	25
217.6	30
217.6	34
217.6	37
217.6	39
217.6	47
217.6	48
218.9	2
218.9	15
218.9	18
218.9	33
218.9	43
218.9	46
219	3
219	4
219	13
219	14
219	19
219	23
219	24
219	31
219	32
219	35
219	40
219	42
219	45
219	49
220.2	9
220.2	48
220.3	41
220.4	0
220.4	1
220.4	5
220.4	8
220.4	10
220.4	12
220.4	16
220.4	17
220.4	21
220.4	26
220.4	28
220.4	29
220.4	30
220.4	34
220.4	36
220.5	6
220.5	7
220.5	11
220.5	20
220.5	22
220.5	25
220.5	27
220.5	37
220.5	38
220.5	39
220.5	44
220.5	47
221.7	43
221.8	19
221.8	24
221.9	2
221.9	3
221.9	4
221.9	13
221.9	14
221.9	15
221.9	18
221.9	23
221.9	31
221.9	32
221.9	33
221.9	35
221.9	40
221.9	42
221.9	45
221.9	46
221.9	49
223.2	0
223.2	20
223.2	21
223.2	39
223.2	48
223.3	1
223.3	9
223.3	10
223.3	12
223.3	25
223.3	26
223.3	27
223.3	28
223.3	29
223.3	30
223.3	37
223.3	41
223.4	5
223.4	6
223.4	7
223.4	8
223.4	11
223.4	16
223.4	17
223.4	22
223.4	34
223.4	36
223.4	38
223.4	44
223.4	47
224.6	13
224.6	43
224.7	3
224.7	24
224.7	35
224.8	2
224.8	4
224.8	14
224.8	15
224.8	18
224.8	19
224.8	23
224.8	31
224.8	32
224.8	33
224.8	40
224.8	42
224.8	45
224.8	46
224.8	49
225.9	0
226.1	1
226.1	21
226.1	26
226.1	37
226.2	5
226.2	6
226.2	8
226.2	10
226.2	11
226.2	12
226.2	17
226.2	20
226.2	27
226.2	29
226.2	30
226.2	34
226.2	36
226.2	39
226.2	41
226.2	48
226.3	7
226.3	9
226.3	16
226.3	22
226.3	25
226.3	28
226.3	38
226.3	44
226.3	47
227.5	15
227.6	3
227.6	35
227.6	46
227.6	49
227.7	2
227.7	4
227.7	13
227.7	14
227.7	18
227.7	19
227.7	23
227.7	24
227.7	31
227.7	32
227.7	33
227.7	40
227.7	42
227.7	43
227.7	45
228.9	0
228.9	20
229	37
229.1	1
229.1	11
229.1	12
229.1	16
229.1	21
229.1	26
229.1	38
229.1	39
229.1	48
229.2	5
229.2	6
229.2	7
229.2	8
229.2	9
229.2	10
229.2	17
229.2	22
229.2	25
229.2	27
229.2	28
229.2	29
229.2	30
229.2	34
229.2	36
229.2	41
229.2	44
229.2	47
230.4	14
230.5	15
230.5	43
230.6	2
230.6	3
230.6	4
230.6	13
230.6	18
230.6	19
230.6	23
230.6	24
230.6	31
230.6	32
230.6	33
230.6	35
230.6	40
230.6	42
230.6	45
230.6	46
230.6	49
231.9	0
231.9	21
231.9	39
232	5
232	11
232	16
232	22
232	41
232	48
232.1	1
232.1	6
232.1	7
232.1	8
232.1	9
232.1	10
232.1	12
232.1	17
232.1	20
232.1	25
232.1	26
232.1	27
232.1	28
232.1	29
232.1	30
232.1	34
232.1	36
232.1	37
232.1	38
232.1	44
232.1	47
233.4	14
233.4	31
233.4	33
233.4	40
233.4	49
233.5	2
233.5	3
233.5	4
233.5	13
233.5	15
233.5	18
233.5	19
233.5	23
233.5	24
233.5	32
233.5	35
233.5	42
233.5	43
233.5	45
233.5	46
234.7	21
234.8	12
234.8	17
234.9	0
234.9	16
234.9	26
234.9	30
234.9	39
234.9	47
235	1
235	5
235	6
235	7
235	8
235	9
235	10
235	11
235	20
235	22
235	25
235	27
235	28
235	29
235	34
235	36
235	37
235	38
235	41
235	44
235	48
236.2	18
236.3	31
236.3	43
236.3	49
236.4	2
236.4	3
236.4	4
236.4	13
236.4	14
236.4	15
236.4	19
236.4	23
236.4	24
236.4	32
236.4	33
236.4	35
236.4	40
236.4	42
236.4	45
236.4	46
237.4	21
237.8	1
237.8	6
237.8	7
237.8	8
237.8	10
237.8	26
237.8	28
237.8	30
237.8	38
237.9	0
237.9	5
237.9	9
237.9	11
237.9	12
237.9	16
237.9	17
237.9	20
237.9	22
237.9	25
237.9	27
237.9	29
237.9	34
237.9	36
237.9	37
237.9	39
237.9	41
237.9	44
237.9	47
237.9	48
239.1	23
239.2	42
239.3	2
239.3	3
239.3	4
239.3	13
239.3	14
239.3	15
239.3	18
239.3	19
239.3	24
239.3	31
239.3	32
239.3	33
239.3	35
239.3	40
239.3	43
239.3	45
239.3	46
239.3	49
240.3	21
240.4	8
240.6	25
240.6	48
240.7	11
240.7	16
240.7	30
240.7	38
240.7	44
240.8	0
240.8	1
240.8	5
240.8	6
240.8	7
240.8	9
240.8	10
240.8	12
240.8	17
240.8	20
240.8	22
240.8	26
240.8	27
240.8	28
240.8	29
240.8	34
240.8	36
240.8	37
240.8	39
240.8	41
240.8	47
242.1	4
242.1	40
242.2	2
242.2	3
242.2	13
242.2	14
242.2	15
242.2	18
242.2	19
242.2	23
242.2	24
242.2	31
242.2	32
242.2	33
242.2	35
242.2	42
242.2	43
242.2	45
242.2	46
242.2	49
243.3	21
243.5	0
243.6	1
243.6	7
243.6	8
243.6	9
243.6	16
243.6	25
243.6	28
243.6	39
243.6	44
243.7	5
243.7	6
243.7	10
243.7	11
243.7	12
243.7	17
243.7	20
243.7	22
243.7	26
243.7	27
243.7	29
243.7	30
243.7	34
243.7	36
243.7	37
243.7	38
243.7	41
243.7	47
243.7	48
244.9	40
245	35
245	46
245.1	2
245.1	3
245.1	4
245.1	13
245.1	14
245.1	15
245.1	18
245.1	19
245.1	23
245.1	24
245.1	31
245.1	32
245.1	33
245.1	42
245.1	43
245.1	45
245.1	49
246.2	21
246.4	0
246.4	39
246.5	6
246.5	8
246.5	10
246.5	22
246.5	47
246.6	1
246.6	5
246.6	7
246.6	9
246.6	11
246.6	12
246.6	16
246.6	17
246.6	20
246.6	25
246.6	26
246.6	27
246.6	28
246.6	29
246.6	30
246.6	34
246.6	36
246.6	37
246.6	38
246.6	41
246.6	44
246.6	48
247.9	31
248	2
248	4
248	13
248	14
248	15
248	18
248	19
248	23
248	32
248	33
248	40
248	42
248	43
248	45
248	46
248	49
248.1	3
248.1	24
248.1	35
249.3	21
249.3	22
249.4	0
249.4	10
249.4	17
249.4	41
249.4	47
249.5	1
249.5	5
249.5	6
249.5	7
249.5	8
249.5	9
249.5	11
249.5	12
249.5	16
249.5	20
249.5	25
249.5	26
249.5	27
249.5	28
249.5	29
249.5	30
249.5	34
249.5	36
249.5	37
249.5	38
249.5	39
249.5	44
249.5	48
250.8	43
250.9	2
250.9	3
250.9	4
250.9	13
250.9	14
250.9	15
250.9	18
250.9	19
250.9	23
250.9	24
250.9	31
250.9	32
250.9	33
250.9	35
250.9	40
250.9	42
250.9	45
250.9	49
251	46
252.2	27
252.3	0
252.3	9
252.3	21
252.3	22
252.3	39
252.3	41
252.4	1
252.4	5
252.4	6
252.4	7
252.4	8
252.4	10
252.4	11
252.4	12
252.4	16
252.4	17
252.4	20
252.4	25
252.4	26
252.4	28
252.4	29
252.4	30
252.4	34
252.4	36
252.4	37
252.4	38
252.4	44
252.4	47
252.4	48
253.7	23
253.7	24
253.8	2
253.8	3
253.8	4
253.8	13
253.8	14
253.8	18
253.8	19
253.8	31
253.8	32
253.8	33
253.8	35
253.8	40
253.8	42
253.8	43
253.8	45
253.8	46
253.9	15
253.9	49
255	16
255.1	44
255.2	12
255.2	21
255.2	22
255.2	27
255.2	36
255.3	0
255.3	1
255.3	5
255.3	6
255.3	7
255.3	8
255.3	9
255.3	10
255.3	11
255.3	17
255.3	20
255.3	25
255.3	26
255.3	28
255.3	29
255.3	30
255.3	34
255.3	37
255.3	38
255.3	39
255.3	41
255.3	47
255.3	48
256.5	4
256.6	24
256.6	31
256.7	2
256.7	3
256.7	13
256.7	14
256.7	15
256.7	19
256.7	23
256.7	32
256.7	33
256.7	35
256.7	40
256.7	42
256.7	43
256.7	45
256.7	49
256.8	18
256.8	46
257.8	1
258	12
258	16
258	17
258.1	6
258.1	8
258.1	9
258.1	21
258.1	27
258.1	44
258.1	47
258.2	0
258.2	5
258.2	7
258.2	10
258.2	11
258.2	20
258.2	22
258.2	25
258.2	26
258.2	28
258.2	29
258.2	30
258.2	34
258.2	36
258.2	37
258.2	38
258.2	39
258.2	41
258.2	48
259.3	2
259.3	24
259.3	35
259.5	4
259.5	13
259.5	14
259.5	18
259.5	23
259.5	31
259.5	33
259.5	40
259.5	45
259.6	3
259.6	15
259.6	19
259.6	32
259.6	42
259.6	43
259.6	46
259.6	49
260.8	44
260.9	11
260.9	20
260.9	22
260.9	27
260.9	29
260.9	48
261	0
261	1
261	5
261	6
261	7
261	8
261	9
261	12
261	16
261	17
261	21
261	25
261	26
261	28
261	30
261	34
261	36
261	37
261	38
261	39
261	41
261	47
261.1	10
262.2	24
262.3	2
262.3	23
262.3	31
262.3	42
262.3	43
262.4	3
262.4	4
262.4	13
262.4	14
262.4	15
262.4	18
262.4	32
262.4	33
262.4	35
262.4	40
262.4	45
262.4	46
262.4	49
262.5	19
263.7	22
263.7	38
263.8	0
263.8	6
263.8	7
263.8	11
263.8	16
263.8	20
263.8	25
263.8	26
263.8	28
263.8	29
263.8	30
263.8	34
263.8	36
263.9	1
263.9	5
263.9	8
263.9	9
263.9	10
263.9	12
263.9	17
263.9	21
263.9	27
263.9	37
263.9	39
263.9	41
263.9	44
263.9	47
263.9	48
264.9	24
265	43
265.1	18
265.1	31
265.2	2
265.2	3
265.2	13
265.2	14
265.2	19
265.2	23
265.2	32
265.2	35
265.2	40
265.2	42
265.2	45
265.2	49
265.3	4
265.3	15
265.3	33
265.3	46
266.5	38
266.6	1
266.6	12
266.6	16
266.6	29
266.6	34
266.6	39
266.6	41
266.6	44
266.7	0
266.7	5
266.7	6
266.7	7
266.7	8
266.7	9
266.7	10
266.7	11
266.7	17
266.7	20
266.7	21
266.7	22
266.7	25
266.7	26
266.7	27
266.7	28
266.7	30
266.7	36
266.7	37
266.7	47
266.7	48
267.9	18
267.9	31
268	2
268	19
268	32
268	43
268	49
268.1	3
268.1	4
268.1	13
268.1	14
268.1	15
268.1	23
268.1	24
268.1	33
268.1	35
268.1	40
268.1	42
268.1	45
268.1	46
269.3	1
269.3	29
269.4	26
269.4	34
269.4	36
269.4	39
269.4	41
269.5	5
269.5	6
269.5	7
269.5	8
269.5	9
269.5	10
269.5	11
269.5	12
269.5	16
269.5	17
269.5	20
269.5	21
269.5	22
269.5	25
269.5	27
269.5	28
269.5	30
269.5	37
269.5	38
269.5	44
269.5	47
269.5	48
269.6	0
270.8	2
270.8	4
270.8	33
270.8	45
270.9	3
270.9	13
270.9	14
270.9	15
270.9	18
270.9	19
270.9	23
270.9	24
270.9	31
270.9	32
270.9	35
270.9	40
270.9	42
270.9	43
270.9	46
270.9	49
272	39
272.1	29
272.2	16
272.2	26
272.2	27
272.2	37
272.3	0
272.3	5
272.3	6
272.3	9
272.3	10
272.3	12
272.3	17
272.3	20
272.3	21
272.3	22
272.3	25
272.3	34
272.3	36
272.3	38
272.3	44
272.3	48
272.4	1
272.4	7
272.4	8
272.4	11
272.4	28
272.4	30
272.4	41
272.4	47
273.5	19
273.6	24
273.6	49
273.7	2
273.7	4
273.7	13
273.7	14
273.7	15
273.7	18
273.7	31
273.7	32
273.7	33
273.7	35
273.7	40
273.7	42
273.7	43
273.7	45
273.7	46
273.8	3
273.8	23
275	10
275	27
275.1	1
275.1	9
275.1	16
275.1	22
275.1	25
275.1	38
275.1	39
275.1	41
275.1	44
275.2	0
275.2	5
275.2	6
275.2	7
275.2	8
275.2	11
275.2	12
275.2	17
275.2	20
275.2	21
275.2	26
275.2	28
275.2	29
275.2	30
275.2	34
275.2	36
275.2	37
275.2	47
275.2	48
276.3	31
276.4	19
276.4	40
276.5	3
276.5	14
276.5	15
276.5	18
276.5	32
276.5	42
276.5	45
276.5	49
276.6	2
276.6	4
276.6	13
276.6	23
276.6	24
276.6	33
276.6	35
276.6	43
276.6	46
277.6	39
277.8	38
277.9	1
277.9	25
277.9	27
277.9	47
278	0
278	5
278	6
278	8
278	9
278	10
278	11
278	12
278	16
278	17
278	20
278	21
278	22
278	26
278	28
278	29
278	30
278	34
278	36
278	37
278	41
278	44
278	48
278.1	7
279.2	19
279.2	31
279.3	15
279.3	32
279.3	35
279.3	40
279.4	2
279.4	3
279.4	4
279.4	13
279.4	14
279.4	18
279.4	23
279.4	24
279.4	33
279.4	42
279.4	43
279.4	45
279.4	46
279.4	49
280.6	27
280.6	39
280.7	9
280.8	1
280.8	5
280.8	6
280.8	8
280.8	10
280.8	11
280.8	21
280.8	26
280.8	28
280.8	30
280.8	36
280.8	47
280.9	0
280.9	7
280.9	12
280.9	16
280.9	17
280.9	20
280.9	22
280.9	25
280.9	29
280.9	34
280.9	37
280.9	38
280.9	41
280.9	44
280.9	48
282	15
282.1	18
282.1	24
282.1	35
282.2	2
282.2	4
282.2	13
282.2	14
282.2	19
282.2	31
282.2	43
282.2	46
282.2	49
282.3	3
282.3	23
282.3	32
282.3	33
282.3	40
282.3	42
282.3	45
283.3	27
283.5	9
283.5	26
283.5	41
283.6	1
283.6	12
283.6	16
283.6	21
283.6	22
283.6	28
283.6	36
283.6	39
283.7	0
283.7	5
283.7	6
283.7	7
283.7	8
283.7	10
283.7	11
283.7	17
283.7	20
283.7	25
283.7	29
283.7	30
283.7	34
283.7	37
283.7	38
283.7	44
283.7	47
283.7	48
285	4
285	13
285	32
285	35
285	43
285.1	2
285.1	3
285.1	14
285.1	15
285.1	18
285.1	19
285.1	23
285.1	24
285.1	31
285.1	33
285.1	40
285.1	42
285.1	45
285.1	46
285.1	49
286.1	26
286.2	27
286.4	9
286.4	36
286.4	41
286.5	0
286.5	1
286.5	5
286.5	6
286.5	7
286.5	8
286.5	10
286.5	11
286.5	16
286.5	17
286.5	20
286.5	21
286.5	22
286.5	25
286.5	28
286.5	34
286.5	37
286.5	44
286.5	48
286.6	12
286.6	29
286.6	30
286.6	38
286.6	39
286.6	47
287.7	43
287.9	3
287.9	4
287.9	13
287.9	14
287.9	15
287.9	18
287.9	19
287.9	24
287.9	31
287.9	32
287.9	35
287.9	40
287.9	45
287.9	46
287.9	49
288	2
288	23
288	33
288	42
288.9	27
289.1	26
289.2	1
289.3	9
289.3	10
289.3	11
289.3	16
289.3	17
289.3	21
289.3	28
289.3	34
289.3	36
289.3	39
289.3	41
289.3	44
289.4	0
289.4	5
289.4	6
289.4	7
289.4	8
289.4	12
289.4	20
289.4	22
289.4	25
289.4	29
289.4	30
289.4	37
289.4	38
289.4	47
289.4	48
290.7	2
290.7	3
290.7	13
290.7	19
290.7	31
290.7	35
290.7	40
290.7	49
290.8	4
290.8	14
290.8	15
290.8	18
290.8	23
290.8	24
290.8	32
290.8	33
290.8	42
290.8	43
290.8	45
290.8	46
291.3	27
292	11
292	17
292	39
292.1	7
292.1	26
292.2	0
292.2	1
292.2	5
292.2	6
292.2	8
292.2	9
292.2	10
292.2	12
292.2	16
292.2	20
292.2	21
292.2	22
292.2	25
292.2	28
292.2	29
292.2	30
292.2	34
292.2	36
292.2	37
292.2	38
292.2	41
292.2	44
292.2	47
292.2	48
293.5	2
293.6	3
293.6	4
293.6	13
293.6	14
293.6	18
293.6	19
293.6	23
293.6	24
293.6	31
293.6	32
293.6	33
293.6	35
293.6	40
293.6	42
293.6	43
293.6	49
293.7	15
293.7	27
293.7	45
293.7	46
294.8	39
294.9	7
294.9	11
294.9	12
294.9	25
295	0
295	5
295	6
295	8
295	10
295	16
295	17
295	21
295	22
295	26
295	28
295	29
295	30
295	34
295	36
295	37
295	41
295	44
295	47
295	48
295.1	1
295.1	9
295.1	20
295.1	38
296.3	14
296.4	2
296.4	3
296.4	4
296.4	15
296.4	18
296.4	19
296.4	24
296.4	27
296.4	31
296.4	32
296.4	33
296.4	35
296.4	40
296.4	42
296.4	43
296.4	45
296.4	49
296.5	13
296.5	23
296.5	46
297.7	0
297.7	8
297.7	41
297.8	5
297.8	6
297.8	11
297.8	12
297.8	21
297.8	25
297.8	28
297.8	29
297.8	36
297.8	37
297.8	39
297.8	44
297.8	47
297.9	1
297.9	7
297.9	9
297.9	10
297.9	16
297.9	17
297.9	20
297.9	22
297.9	26
297.9	30
297.9	34
297.9	38
297.9	48
299.1	15
299.1	40
299.1	43
299.2	2
299.2	4
299.2	14
299.2	18
299.2	19
299.2	24
299.2	27
299.2	32
299.2	42
299.2	45
299.2	49
299.3	3
299.3	13
299.3	23
299.3	31
299.3	33
299.3	35
299.3	46
300.6	0
300.6	6
300.6	7
300.6	17
300.6	21
300.6	39
300.6	44
300.7	1
300.7	5
300.7	8
300.7	9
300.7	10
300.7	11
300.7	12
300.7	16
300.7	20
300.7	22
300.7	25
300.7	26
300.7	28
300.7	29
300.7	30
300.7	34
300.7	36
300.7	37
300.7	38
300.7	41
300.7	47
300.7	48
301.8	40
301.9	14
301.9	15
301.9	24
301.9	32
301.9	33
302	2
302	3
302	4
302	13
302	18
302	19
302	23
302	27
302	35
302	42
302	43
302	45
302	46
302	49
302.1	31
303.4	1
303.4	11
303.4	12
303.4	17
303.4	26
303.4	29
303.4	34
303.4	39
303.4	44
303.5	0
303.5	5
303.5	6
303.5	7
303.5	8
303.5	9
303.5	10
303.5	16
303.5	20
303.5	21
303.5	22
303.5	25
303.5	28
303.5	30
303.5	36
303.5	37
303.5	38
303.5	41
303.5	47
303.5	48
304.5	33
304.6	27
304.7	49
304.8	2
304.8	3
304.8	15
304.8	32
304.8	40
304.8	43
304.8	46
304.9	4
304.9	13
304.9	14
304.9	18
304.9	19
304.9	23
304.9	24
304.9	31
304.9	35
304.9	42
304.9	45
306.2	1
306.2	5
306.2	44
306.3	6
306.3	7
306.3	9
306.3	10
306.3	12
306.3	16
306.3	17
306.3	20
306.3	26
306.3	28
306.3	29
306.3	34
306.3	36
306.3	38
306.3	39
306.3	47
306.3	48
306.4	0
306.4	8
306.4	11
306.4	21
306.4	22
306.4	25
306.4	30
306.4	37
306.4	41
307.4	2
307.4	27
307.6	23
307.6	33
307.7	3
307.7	4
307.7	13
307.7	14
307.7	15
307.7	18
307.7	19
307.7	24
307.7	31
307.7	32
307.7	35
307.7	40
307.7	42
307.7	43
307.7	45
307.7	49
307.8	46
309	16
309	29
309	34
309.1	1
309.1	10
309.1	11
309.1	20
309.1	25
309.1	28
309.1	41
309.1	44
309.2	0
309.2	5
309.2	6
309.2	7
309.2	8
309.2	9
309.2	12
309.2	17
309.2	21
309.2	22
309.2	26
309.2	30
309.2	36
309.2	37
309.2	38
309.2	39
309.2	47
309.2	48
310.4	2
310.5	13
310.5	14
310.5	15
310.5	19
310.5	27
310.5	31
310.5	33
310.5	42
310.5	45
310.6	3
310.6	4
310.6	18
310.6	23
310.6	24
310.6	32
310.6	35
310.6	40
310.6	43
310.6	46
310.6	49
311.8	10
311.9	0
311.9	1
311.9	16
311.9	20
311.9	22
311.9	29
311.9	34
311.9	44
312	5
312	6
312	7
312	8
312	9
312	11
312	12
312	17
312	21
312	25
312	26
312	28
312	30
312	36
312	37
312	38
312	39
312	41
312	47
312	48
313.3	2
313.3	24
313.3	32
313.3	42
313.3	45
313.4	3
313.4	4
313.4	13
313.4	14
313.4	15
313.4	18
313.4	19
313.4	23
313.4	27
313.4	31
313.4	33
313.4	35
313.4	40
313.4	43
313.4	46
313.5	49
314.7	1
314.8	0
314.8	5
314.8	6
314.8	8
314.8	10
314.8	16
314.8	17
314.8	20
314.8	22
314.8	28
314.8	29
314.8	30
314.8	34
314.8	36
314.8	38
314.8	39
314.8	44
314.8	48
314.9	7
314.9	9
314.9	11
314.9	12
314.9	21
314.9	25
314.9	26
314.9	37
314.9	41
314.9	47
316.2	2
316.2	3
316.2	4
316.2	13
316.2	15
316.2	18
316.2	19
316.2	24
316.2	32
316.2	35
316.2	40
316.2	45
316.2	49
316.3	14
316.3	23
316.3	27
316.3	31
316.3	33
316.3	42
316.3	43
316.3	46
317.4	44
317.5	6
317.5	28
317.5	48
317.6	1
317.6	5
317.6	11
317.6	17
317.6	20
317.6	21
317.6	29
317.6	30
317.6	34
317.6	39
317.7	0
317.7	7
317.7	8
317.7	9
317.7	10
317.7	12
317.7	16
317.7	22
317.7	25
317.7	26
317.7	36
317.7	37
317.7	38
317.7	41
317.7	47
318.9	32
319	3
319	13
319	18
319	49
319.1	2
319.1	4
319.1	14
319.1	15
319.1	19
319.1	23
319.1	24
319.1	27
319.1	31
319.1	33
319.1	35
319.1	40
319.1	42
319.1	43
319.1	45
319.1	46
320.3	28
320.4	34
320.4	39
320.5	0
320.5	1
320.5	5
320.5	6
320.5	7
320.5	8
320.5	9
320.5	10
320.5	11
320.5	12
320.5	16
320.5	17
320.5	20
320.5	21
320.5	22
320.5	25
320.5	26
320.5	29
320.5	30
320.5	36
320.5	37
320.5	38
320.5	41
320.5	44
320.5	47
320.5	48
321.7	43
321.8	2
321.8	40
321.8	49
321.9	3
321.9	4
321.9	13
321.9	14
321.9	15
321.9	18
321.9	19
321.9	23
321.9	27
321.9	31
321.9	32
321.9	33
321.9	35
321.9	42
321.9	45
321.9	46
322	24
323.1	29
323.2	1
323.2	10
323.2	25
323.2	30
323.3	0
323.3	5
323.3	7
323.3	9
323.3	12
323.3	20
323.3	21
323.3	22
323.3	26
323.3	28
323.3	34
323.3	36
323.3	38
323.3	41
323.3	47
323.3	48
323.4	6
323.4	8
323.4	11
323.4	16
323.4	17
323.4	37
323.4	39
323.4	44
324.5	43
324.6	3
324.6	4
324.7	2
324.7	15
324.7	18
324.7	27
324.7	31
324.7	33
324.7	35
324.7	45
324.7	46
324.7	49
324.8	13
324.8	14
324.8	19
324.8	23
324.8	24
324.8	32
324.8	40
324.8	42
325.9	29
326.1	0
326.1	5
326.1	8
326.1	9
326.1	17
326.1	21
326.1	22
326.1	25
326.1	41
326.1	48
326.2	1
326.2	6
326.2	7
326.2	10
326.2	11
326.2	12
326.2	16
326.2	20
326.2	26
326.2	28
326.2	30
326.2	34
326.2	36
326.2	37
326.2	38
326.2	39
326.2	44
326.2	47
327.4	46
327.5	4
327.5	27
327.5	33
327.5	35
327.5	40
327.5	43
327.6	2
327.6	3
327.6	13
327.6	14
327.6	15
327.6	18
327.6	19
327.6	23
327.6	24
327.6	31
327.6	32
327.6	42
327.6	45
327.6	49
328.7	41
328.9	5
328.9	25
328.9	26
328.9	47
328.9	48
329	0
329	1
329	6
329	7
329	8
329	9
329	10
329	11
329	12
329	16
329	17
329	20
329	21
329	22
329	28
329	29
329	30
329	34
329	36
329	37
329	38
329	39
329	44
330.3	2
330.3	3
330.3	14
330.3	19
330.4	4
330.4	13
330.4	15
330.4	18
330.4	23
330.4	24
330.4	27
330.4	31
330.4	32
330.4	33
330.4	35
330.4	40
330.4	42
330.4	43
330.4	45
330.4	46
330.4	49
331.7	29
331.7	41
331.7	47
331.8	1
331.8	11
331.8	12
331.8	17
331.8	21
331.8	25
331.8	28
331.8	34
331.8	37
331.8	44
331.9	0
331.9	5
331.9	6
331.9	7
331.9	8
331.9	9
331.9	10
331.9	16
331.9	20
331.9	22
331.9	26
331.9	30
331.9	36
331.9	38
331.9	39
331.9	48
333	14
333.1	18
333.1	24
333.2	2
333.2	3
333.2	4
333.2	13
333.2	19
333.2	23
333.2	27
333.2	31
333.2	32
333.2	35
333.2	42
333.2	45
333.2	46
333.2	49
333.3	15
333.3	33
333.3	40
333.3	43
334.4	5
334.5	16
334.6	0
334.6	6
334.6	7
334.6	17
334.6	20
334.6	22
334.6	25
334.6	26
334.6	28
334.6	29
334.6	30
334.6	48
334.7	1
334.7	8
334.7	9
334.7	10
334.7	11
334.7	12
334.7	21
334.7	34
334.7	36
334.7	37
334.7	38
334.7	39
334.7	41
334.7	44
334.7	47
335.9	14
336	24
336	43
336.1	2
336.1	3
336.1	4
336.1	13
336.1	15
336.1	18
336.1	19
336.1	23
336.1	27
336.1	31
336.1	32
336.1	33
336.1	35
336.1	40
336.1	42
336.1	45
336.1	46
336.1	49
337.2	16
337.3	0
337.4	6
337.4	7
337.4	17
337.4	34
337.4	38
337.4	48
337.5	1
337.5	5
337.5	8
337.5	10
337.5	11
337.5	12
337.5	20
337.5	22
337.5	25
337.5	26
337.5	28
337.5	29
337.5	30
337.5	39
337.5	41
337.5	44
337.6	9
337.6	21
337.6	36
337.6	37
337.6	47
338.7	24
338.8	14
338.8	18
338.8	23
338.8	40
338.9	4
338.9	13
338.9	15
338.9	19
338.9	27
338.9	31
338.9	32
338.9	33
338.9	35
338.9	42
338.9	43
338.9	45
338.9	46
338.9	49
339	2
339	3
340.1	0
340.1	34
340.2	7
340.2	16
340.2	20
340.2	37
340.3	1
340.3	6
340.3	9
340.3	10
340.3	11
340.3	12
340.3	17
340.3	21
340.3	22
340.3	26
340.3	29
340.3	30
340.3	36
340.3	47
340.4	5
340.4	8
340.4	25
340.4	28
340.4	38
340.4	39
340.4	41
340.4	44
340.4	48
341.5	19
341.7	3
341.7	13
341.7	14
341.7	15
341.7	18
341.7	23
341.7	31
341.7	32
341.7	45
341.7	46
341.8	2
341.8	4
341.8	24
341.8	27
341.8	33
341.8	35
341.8	40
341.8	42
341.8	43
341.8	49
343	0
343	20
343.1	6
343.1	9
343.1	11
343.1	12
343.1	34
343.1	36
343.2	1
343.2	5
343.2	7
343.2	8
343.2	10
343.2	16
343.2	17
343.2	21
343.2	22
343.2	25
343.2	26
343.2	28
343.2	29
343.2	30
343.2	37
343.2	38
343.2	39
343.2	41
343.2	44
343.2	47
343.2	48
344.5	3
344.5	14
344.5	24
344.5	45
344.6	2
344.6	4
344.6	13
344.6	15
344.6	18
344.6	19
344.6	23
344.6	27
344.6	31
344.6	32
344.6	33
344.6	35
344.6	40
344.6	42
344.6	43
344.6	46
344.6	49
345.8	0
345.9	20
345.9	34
345.9	38
345.9	47
346	5
346	6
346	7
346	8
346	9
346	10
346	11
346	17
346	25
346	26
346	28
346	30
346	36
346	37
346	39
346	41
346.1	1
346.1	12
346.1	16
346.1	21
346.1	22
346.1	29
346.1	44
346.1	48
347.1	3
347.3	14
347.3	33
347.3	35
347.4	2
347.4	4
347.4	13
347.4	15
347.4	23
347.4	40
347.4	43
347.4	46
347.5	18
347.5	19
347.5	24
347.5	27
347.5	31
347.5	32
347.5	42
347.5	45
347.5	49
348.8	0
348.8	1
348.8	8
348.8	10
348.8	17
348.8	20
348.8	25
348.8	26
348.8	34
348.8	36
348.8	37
348.8	38
348.9	5
348.9	6
348.9	7
348.9	9
348.9	11
348.9	12
348.9	16
348.9	21
348.9	22
348.9	28
348.9	29
348.9	30
348.9	39
348.9	41
348.9	44
348.9	47
348.9	48
350.1	3
350.2	2
350.2	14
350.2	27
350.2	32
350.2	35
350.2	40
350.2	49
350.3	4
350.3	13
350.3	15
350.3	18
350.3	19
350.3	23
350.3	24
350.3	31
350.3	33
350.3	42
350.3	43
350.3	45
350.3	46
351.6	30
351.6	34
351.6	37
351.6	48
351.7	0
351.7	1
351.7	5
351.7	6
351.7	7
351.7	8
351.7	9
351.7	10
351.7	11
351.7	12
351.7	16
351.7	17
351.7	20
351.7	21
351.7	22
351.7	25
351.7	26
351.7	28
351.7	29
351.7	36
351.7	38
351.7	39
351.7	41
351.7	44
351.7	47
352.8	3
352.9	43
353	2
353	14
353	15
353	27
353	35
353	40
353	45
353.1	4
353.1	13
353.1	18
353.1	19
353.1	23
353.1	24
353.1	31
353.1	32
353.1	33
353.1	42
353.1	46
353.1	49
354.4	37
354.4	39
354.4	41
354.5	0
354.5	1
354.5	5
354.5	6
354.5	7
354.5	9
354.5	10
354.5	11
354.5	12
354.5	16
354.5	17
354.5	20
354.5	21
354.5	22
354.5	28
354.5	29
354.5	30
354.5	34
354.5	36
354.5	38
354.5	47
354.6	8
354.6	25
354.6	26
354.6	44
354.6	48
355.7	14
355.8	27
355.8	31
355.8	32
355.8	40
355.9	2
355.9	3
355.9	13
355.9	15
355.9	19
355.9	23
355.9	24
355.9	33
355.9	35
355.9	42
355.9	43
355.9	46
355.9	49
356	4
356	18
356	45
357.2	0
357.2	28
357.2	47
357.3	5
357.3	8
357.3	9
357.3	10
357.3	17
357.3	20
357.3	29
357.3	30
357.3	36
357.3	38
357.3	41
357.3	44
357.4	1
357.4	6
357.4	7
357.4	11
357.4	12
357.4	16
357.4	21
357.4	22
357.4	25
357.4	26
357.4	34
357.4	37
357.4	39
357.4	48
358.6	14
358.7	18
358.7	23
358.7	27
358.7	32
358.7	33
358.7	35
358.7	42
358.7	43
358.7	45
358.7	49
358.8	2
358.8	3
358.8	4
358.8	13
358.8	15
358.8	19
358.8	24
358.8	31
358.8	40
358.8	46
360.1	9
360.1	20
360.1	29
360.1	30
360.1	36
360.1	37
360.1	39
360.1	41
360.1	47
360.1	48
360.2	0
360.2	1
360.2	5
360.2	6
360.2	7
360.2	8
360.2	10
360.2	11
360.2	12
360.2	16
360.2	17
360.2	21
360.2	22
360.2	25
360.2	26
360.2	28
360.2	34
360.2	38
360.2	44
361.5	4
361.5	19
361.5	24
361.5	32
361.5	42
361.5	43
361.6	2
361.6	3
361.6	13
361.6	14
361.6	15
361.6	18
361.6	23
361.6	27
361.6	31
361.6	33
361.6	35
361.6	40
361.6	45
361.6	46
361.6	49
362.9	6
362.9	20
362.9	21
362.9	22
362.9	47
363	0
363	1
363	7
363	9
363	10
363	11
363	12
363	16
363	26
363	29
363	34
363	36
363	37
363	39
363	41
363	44
363	48
363.1	5
363.1	8
363.1	17
363.1	25
363.1	28
363.1	30
363.1	38
364.2	31
364.3	2
364.3	18
364.4	4
364.4	13
364.4	14
364.4	15
364.4	19
364.4	23
364.4	24
364.4	32
364.4	33
364.4	35
364.4	40
364.4	42
364.4	45
364.4	46
364.4	49
364.5	3
364.5	27
364.5	43
365.6	0
365.6	16
365.7	6
365.7	34
365.7	37
365.8	1
365.8	12
365.8	17
365.8	20
365.8	21
365.8	22
365.8	26
365.8	29
365.8	30
365.8	39
365.8	44
365.9	5
365.9	7
365.9	8
365.9	9
365.9	10
365.9	11
365.9	25
365.9	28
365.9	36
365.9	38
365.9	41
365.9	47
365.9	48
367	4
367.1	13
367.1	40
367.1	49
367.2	14
367.2	15
367.2	19
367.2	24
367.2	31
367.2	43
367.2	45
367.3	2
367.3	3
367.3	18
367.3	23
367.3	27
367.3	32
367.3	33
367.3	35
367.3	42
367.3	46
368.4	6
368.5	37
368.6	11
368.6	29
368.6	34
368.6	39
368.6	44
368.7	0
368.7	1
368.7	5
368.7	7
368.7	8
368.7	9
368.7	10
368.7	12
368.7	16
368.7	17
368.7	20
368.7	21
368.7	22
368.7	25
368.7	26
368.7	28
368.7	30
368.7	36
368.7	38
368.7	41
368.7	47
368.7	48
369.7	49
369.9	24
369.9	35
370	4
370	31
370	40
370	43
370.1	3
370.1	13
370.1	14
370.1	15
370.1	18
370.1	19
370.1	23
370.1	27
370.1	32
370.1	33
370.1	42
370.1	45
370.1	46
370.2	2
371.2	11
371.4	5
371.4	37
371.5	0
371.5	1
371.5	7
371.5	9
371.5	12
371.5	16
371.5	17
371.5	20
371.5	21
371.5	22
371.5	25
371.5	26
371.5	28
371.5	29
371.5	30
371.5	34
371.5	36
371.5	39
371.5	44
371.5	47
371.6	6
371.6	8
371.6	10
371.6	38
371.6	41
371.6	48
372.7	4
372.9	3
372.9	13
372.9	14
372.9	15
372.9	18
372.9	19
372.9	23
372.9	24
372.9	27
372.9	33
372.9	35
372.9	40
372.9	45
372.9	49
373	2
373	31
373	32
373	42
373	43
373	46
374.1	36
374.2	25
374.3	1
374.3	9
374.3	11
374.3	12
374.3	16
374.3	20
374.3	22
374.3	28
374.3	30
374.3	34
374.3	37
374.3	39
374.3	47
374.3	48
374.4	0
374.4	5
374.4	6
374.4	7
374.4	8
374.4	10
374.4	17
374.4	21
374.4	26
374.4	29
374.4	38
374.4	41
374.4	44
375.6	4
375.6	18
375.7	3
375.7	13
375.7	19
375.7	27
375.7	33
375.7	45
375.8	2
375.8	14
375.8	15
375.8	23
375.8	24
375.8	31
375.8	32
375.8	35
375.8	40
375.8	42
375.8	43
375.8	46
375.8	49
377	16
377.1	25
377.1	39
377.1	47
377.2	0
377.2	1
377.2	5
377.2	6
377.2	7
377.2	8
377.2	9
377.2	10
377.2	11
377.2	12
377.2	17
377.2	20
377.2	21
377.2	22
377.2	26
377.2	28
377.2	29
377.2	30
377.2	34
377.2	36
377.2	37
377.2	38
377.2	41
377.2	44
377.2	48
378.4	24
378.5	15
378.5	18
378.5	32
378.5	33
378.5	46
378.6	2
378.6	3
378.6	4
378.6	13
378.6	14
378.6	19
378.6	23
378.6	27
378.6	31
378.6	40
378.6	42
378.6	43
378.6	45
378.6	49
378.7	35
379.8	28
379.9	20
379.9	22
379.9	26
379.9	38
379.9	47
380	0
380	1
380	5
380	6
380	8
380	10
380	11
380	12
380	17
380	21
380	25
380	29
380	30
380	34
380	36
380	37
380	39
380	41
380	44
380.1	7
380.1	9
380.1	16
380.1	48
381.2	24
381.3	15
381.3	32
381.3	43
381.4	2
381.4	3
381.4	4
381.4	13
381.4	14
381.4	18
381.4	19
381.4	23
381.4	31
381.4	33
381.4	35
381.4	40
381.4	45
381.4	46
381.4	49
381.5	27
381.5	42
382.6	38
382.7	34
382.7	44
382.8	0
382.8	1
382.8	5
382.8	7
382.8	10
382.8	12
382.8	22
382.8	26
382.8	28
382.8	29
382.8	37
382.8	41
382.8	47
382.9	6
382.9	8
382.9	9
382.9	11
382.9	16
382.9	17
382.9	20
382.9	21
382.9	25
382.9	30
382.9	36
382.9	39
382.9	48
384.1	4
384.1	35
384.1	45
384.2	14
384.2	19
384.2	23
384.2	24
384.2	32
384.2	43
384.3	2
384.3	3
384.3	13
384.3	15
384.3	18
384.3	27
384.3	31
384.3	33
384.3	40
384.3	42
384.3	46
384.3	49
385.4	41
385.6	6
385.6	10
385.6	25
385.6	26
385.6	37
385.6	38
385.7	0
385.7	1
385.7	5
385.7	7
385.7	8
385.7	9
385.7	11
385.7	12
385.7	16
385.7	17
385.7	20
385.7	21
385.7	22
385.7	28
385.7	29
385.7	30
385.7	34
385.7	36
385.7	39
385.7	44
385.7	47
385.7	48
386.9	32
387	4
387	45
387	46
387.1	2
387.1	3
387.1	13
387.1	14
387.1	18
387.1	19
387.1	23
387.1	24
387.1	27
387.1	31
387.1	33
387.1	35
387.1	40
387.1	42
387.1	43
387.1	49
387.2	15
388.3	29
388.3	30
388.3	47
388.4	44
388.5	0
388.5	1
388.5	6
388.5	7
388.5	8
388.5	10
388.5	11
388.5	12
388.5	16
388.5	17
388.5	22
388.5	25
388.5	34
388.5	36
388.5	37
388.5	38
388.5	39
388.5	41
388.5	48
388.6	5
388.6	9
388.6	20
388.6	21
388.6	26
388.6	28
389.8	19
389.9	2
389.9	3
389.9	13
389.9	14
389.9	15
389.9	24
389.9	27
389.9	31
389.9	32
389.9	33
389.9	40
389.9	42
389.9	43
389.9	45
389.9	46
389.9	49
390	4
390	18
390	23
390	35
391.1	47
391.2	12
391.3	0
391.3	1
391.3	8
391.3	10
391.3	11
391.3	16
391.3	21
391.3	22
391.3	30
391.3	34
391.3	36
391.3	39
391.4	5
391.4	6
391.4	7
391.4	9
391.4	17
391.4	20
391.4	25
391.4	26
391.4	28
391.4	29
391.4	37
391.4	38
391.4	41
391.4	44
391.4	48
392.7	4
392.7	13
392.7	14
392.7	18
392.7	24
392.7	40
392.7	49
392.8	2
392.8	3
392.8	15
392.8	19
392.8	23
392.8	27
392.8	31
392.8	32
392.8	33
392.8	35
392.8	42
392.8	43
392.8	45
392.8	46
394	16
394	20
394.1	1
394.1	12
394.1	21
394.1	25
394.1	30
394.1	36
394.1	38
394.1	39
394.1	47
394.2	0
394.2	5
394.2	6
394.2	7
394.2	8
394.2	9
394.2	10
394.2	11
394.2	17
394.2	22
394.2	26
394.2	28
394.2	29
394.2	34
394.2	37
394.2	41
394.2	44
394.2	48
395.5	3
395.5	13
395.5	24
395.5	31
395.5	32
395.6	4
395.6	14
395.6	15
395.6	18
395.6	19
395.6	23
395.6	27
395.6	33
395.6	35
395.6	40
395.6	42
395.6	43
395.6	45
395.6	46
395.6	49
395.7	2
396.9	12
396.9	25
396.9	38
396.9	48
397	0
397	1
397	5
397	6
397	7
397	8
397	9
397	11
397	16
397	20
397	21
397	26
397	30
397	34
397	36
397	39
397	41
397	44
397	47
397.1	10
397.1	17
397.1	22
397.1	28
397.1	29
397.1	37
398.2	32
398.2	40
398.3	2
398.3	24
398.3	31
398.4	3
398.4	4
398.4	14
398.4	15
398.4	19
398.4	23
398.4	35
398.4	42
398.4	43
398.4	45
398.4	46
398.4	49
398.5	13
398.5	18
398.5	27
398.5	33
399.5	34
399.6	44
399.7	10
399.7	20
399.8	5
399.8	7
399.8	11
399.8	17
399.8	26
399.8	39
399.8	48
399.9	0
399.9	1
399.9	6
399.9	8
399.9	9
399.9	12
399.9	16
399.9	21
399.9	22
399.9	25
399.9	28
399.9	29
399.9	30
399.9	36
399.9	37
399.9	38
399.9	41
399.9	47
401.1	14
401.2	3
401.2	4
401.2	15
401.2	19
401.2	31
401.2	32
401.2	35
401.2	40
401.2	46
401.2	49
401.3	2
401.3	13
401.3	18
401.3	23
401.3	24
401.3	27
401.3	33
401.3	42
401.3	43
401.3	45
402.5	8
402.5	34
402.6	5
402.6	12
402.7	0
402.7	1
402.7	6
402.7	7
402.7	9
402.7	10
402.7	11
402.7	16
402.7	17
402.7	21
402.7	25
402.7	26
402.7	28
402.7	29
402.7	30
402.7	36
402.7	37
402.7	38
402.7	39
402.7	41
402.7	44
402.7	47
402.7	48
402.8	20
402.8	22
403.9	49
404	2
404	42
404	43
404	46
404.1	3
404.1	4
404.1	13
404.1	14
404.1	15
404.1	19
404.1	23
404.1	24
404.1	27
404.1	31
404.1	32
404.1	33
404.1	35
404.1	40
404.1	45
404.2	18
405.4	17
405.4	29
405.5	0
405.5	5
405.5	7
405.5	8
405.5	10
405.5	11
405.5	12
405.5	16
405.5	21
405.5	25
405.5	26
405.5	28
405.5	36
405.5	37
405.5	38
405.5	41
405.5	44
405.5	47
405.6	1
405.6	6
405.6	9
405.6	20
405.6	22
405.6	30
405.6	34
405.6	39
405.6	48
406.8	2
406.8	31
406.8	42
406.8	43
406.8	45
406.8	46
406.9	3
406.9	13
406.9	14
406.9	23
406.9	24
406.9	32
406.9	49
407	4
407	15
407	18
407	19
407	27
407	33
407	35
407	40
408	17
408.2	48
408.3	0
408.3	5
408.3	6
408.3	7
408.3	10
408.3	11
408.3	12
408.3	20
408.3	29
408.3	34
408.3	36
408.3	38
408.3	41
408.3	44
408.4	1
408.4	8
408.4	9
408.4	16
408.4	21
408.4	22
408.4	25
408.4	26
408.4	28
408.4	30
408.4	37
408.4	39
408.4	47
409.6	3
409.6	31
409.6	42
409.6	49
409.7	23
409.7	24
409.7	27
409.7	45
409.7	46
409.8	2
409.8	4
409.8	13
409.8	14
409.8	15
409.8	18
409.8	19
409.8	32
409.8	33
409.8	35
409.8	40
409.8	43
411	17
411.1	0
411.1	1
411.1	10
411.1	11
411.1	29
411.1	34
411.1	44
411.2	5
411.2	6
411.2	7
411.2	8
411.2	12
411.2	16
411.2	20
411.2	21
411.2	22
411.2	25
411.2	26
411.2	28
411.2	30
411.2	36
411.2	38
411.2	39
411.2	41
411.2	48
411.3	9
411.3	37
411.3	47
412.5	13
412.5	14
412.5	23
412.5	42
412.5	46
412.5	49
412.6	2
412.6	3
412.6	4
412.6	15
412.6	18
412.6	19
412.6	24
412.6	27
412.6	31
412.6	32
412.6	33
412.6	35
412.6	40
412.6	43
412.6	45
414	0
414	1
414	5
414	6
414	7
414	8
414	10
414	11
414	12
414	16
414	17
414	21
414	26
414	28
414	29
414	30
414	34
414	38
414	44
414	47
414	48
414.1	9
414.1	20
414.1	22
414.1	25
414.1	36
414.1	37
414.1	39
414.1	41
415.3	31
415.4	2
415.4	3
415.4	13
415.4	14
415.4	15
415.4	18
415.4	23
415.4	24
415.4	27
415.4	32
415.4	35
415.4	40
415.4	42
415.4	43
415.4	45
415.4	46
415.4	49
415.5	4
415.5	19
415.5	33
416.7	7
416.7	22
416.7	28
416.7	47
416.8	1
416.8	6
416.8	17
416.8	20
416.8	34
416.8	38
416.8	48
416.9	0
416.9	5
416.9	8
416.9	9
416.9	10
416.9	11
416.9	12
416.9	16
416.9	21
416.9	25
416.9	26
416.9	29
416.9	30
416.9	36
416.9	37
416.9	39
416.9	41
416.9	44
418.1	31
418.2	2
418.2	4
418.2	14
418.2	18
418.2	19
418.2	43
418.2	46
418.2	49
418.3	3
418.3	13
418.3	15
418.3	23
418.3	24
418.3	27
418.3	32
418.3	33
418.3	35
418.3	40
418.3	42
418.3	45
419.5	10
419.5	28
419.6	1
419.6	11
419.6	34
419.6	44
419.6	47
419.6	48
419.7	0
419.7	5
419.7	6
419.7	7
419.7	8
419.7	12
419.7	16
419.7	17
419.7	20
419.7	21
419.7	25
419.7	29
419.7	30
419.7	37
419.7	38
419.7	39
419.7	41
419.8	9
419.8	22
419.8	26
419.8	36
421	2
421	4
421	35
421	49
421.1	13
421.1	14
421.1	15
421.1	18
421.1	19
421.1	23
421.1	24
421.1	27
421.1	31
421.1	32
421.1	33
421.1	40
421.1	42
421.1	43
421.1	45
421.1	46
421.2	3
422.3	10
422.3	44
422.4	28
422.4	34
422.4	38
422.5	0
422.5	1
422.5	5
422.5	7
422.5	9
422.5	11
422.5	39
422.5	41
422.5	47
422.5	48
422.6	6
422.6	8
422.6	12
422.6	16
422.6	17
422.6	20
422.6	21
422.6	22
422.6	25
422.6	26
422.6	29
422.6	30
422.6	36
422.6	37
423.8	42
423.9	2
423.9	3
423.9	4
423.9	13
423.9	14
423.9	15
423.9	18
423.9	24
423.9	27
423.9	31
423.9	33
423.9	35
423.9	40
423.9	43
423.9	46
423.9	49
424	19
424	23
424	32
424	45
425	28
425.2	10
425.2	38
425.2	44
425.3	7
425.3	16
425.3	34
425.3	36
425.4	0
425.4	1
425.4	5
425.4	6
425.4	8
425.4	9
425.4	11
425.4	12
425.4	17
425.4	20
425.4	21
425.4	22
425.4	25
425.4	26
425.4	29
425.4	30
425.4	37
425.4	39
425.4	41
425.4	47
425.4	48
426.5	24
426.6	35
426.7	2
426.7	3
426.7	14
426.7	15
426.7	23
426.7	27
426.7	40
426.8	4
426.8	13
426.8	18
426.8	19
426.8	31
426.8	32
426.8	33
426.8	42
426.8	43
426.8	45
426.8	49
426.9	46
428.1	7
428.1	10
428.1	16
428.1	17
428.1	22
428.1	25
428.1	28
428.1	30
428.1	37
428.1	38
428.1	44
428.2	0
428.2	5
428.2	6
428.2	8
428.2	9
428.2	11
428.2	20
428.2	21
428.2	34
428.2	36
428.2	39
428.2	41
428.2	47
428.2	48
428.3	1
428.3	12
428.3	26
428.3	29
429.4	35
429.5	23
429.5	27
429.6	2
429.6	3
429.6	4
429.6	14
429.6	15
429.6	19
429.6	24
429.6	32
429.6	33
429.6	40
429.6	45
429.6	46
429.6	49
429.7	13
429.7	18
429.7	31
429.7	42
429.7	43
430.9	5
430.9	30
431	0
431	7
431	10
431	16
431	20
431	22
431	28
431	37
431	41
431	47
431	48
431.1	1
431.1	6
431.1	8
431.1	9
431.1	11
431.1	12
431.1	17
431.1	21
431.1	25
431.1	26
431.1	29
431.1	34
431.1	36
431.1	38
431.1	39
431.1	44
432.2	23
432.2	33
432.4	4
432.4	14
432.4	24
432.4	32
432.4	35
432.4	40
432.4	43
432.4	45
432.4	46
432.5	2
432.5	3
432.5	13
432.5	15
432.5	18
432.5	19
432.5	27
432.5	31
432.5	42
432.5	49
433.6	47
433.7	7
433.8	0
433.8	10
433.8	16
433.8	29
433.8	38
433.8	41
433.9	1
433.9	5
433.9	6
433.9	8
433.9	9
433.9	11
433.9	12
433.9	17
433.9	20
433.9	21
433.9	22
433.9	25
433.9	26
433.9	28
433.9	30
433.9	34
433.9	36
433.9	37
433.9	39
433.9	44
433.9	48
435	32
435.1	45
435.2	4
435.2	15
435.2	23
435.2	33
435.2	35
435.2	40
435.2	43
435.3	2
435.3	3
435.3	13
435.3	14
435.3	18
435.3	19
435.3	24
435.3	27
435.3	42
435.3	46
435.4	31
435.4	49
436.5	47
436.6	0
436.6	7
436.7	6
436.7	8
436.7	10
436.7	11
436.7	12
436.7	16
436.7	17
436.7	20
436.7	22
436.7	25
436.7	26
436.7	28
436.7	30
436.7	34
436.7	36
436.7	37
436.7	38
436.7	39
436.7	41
436.7	44
436.7	48
436.8	1
436.8	5
436.8	9
436.8	21
436.8	29
437.9	45
438	4
438	13
438	15
438	32
438	40
438.1	2
438.1	3
438.1	14
438.1	18
438.1	19
438.1	23
438.1	31
438.1	33
438.1	35
438.1	42
438.1	43
438.1	46
438.1	49
438.2	24
438.2	27
439.3	47
439.4	11
439.4	12
439.4	26
439.4	34
439.4	48
439.5	0
439.5	1
439.5	6
439.5	8
439.5	25
439.5	30
439.5	38
439.5	39
439.5	44
439.6	5
439.6	7
439.6	9
439.6	10
439.6	16
439.6	17
439.6	20
439.6	21
439.6	22
439.6	28
439.6	29
439.6	36
439.6	37
439.6	41
440.8	13
440.9	3
440.9	4
440.9	15
440.9	18
440.9	27
440.9	35
440.9	42
440.9	45
441	2
441	14
441	19
441	23
441	24
441	31
441	32
441	33
441	40
441	43
441	46
441	49
442.2	6
442.2	26
442.3	11
442.3	21
442.3	30
442.3	38
442.3	41
442.3	47
442.4	0
442.4	1
442.4	5
442.4	7
442.4	8
442.4	9
442.4	10
442.4	12
442.4	16
442.4	17
442.4	20
442.4	22
442.4	25
442.4	28
442.4	29
442.4	34
442.4	36
442.4	37
442.4	39
442.4	44
442.4	48
443.7	4
443.7	13
443.7	27
443.7	42
443.8	2
443.8	3
443.8	14
443.8	15
443.8	18
443.8	19
443.8	23
443.8	24
443.8	31
443.8	33
443.8	40
443.8	45
443.8	46
443.8	49
443.9	32
443.9	35
443.9	43
445.1	0
445.1	5
445.1	9
445.1	21
445.2	1
445.2	7
445.2	10
445.2	11
445.2	16
445.2	22
445.2	25
445.2	29
445.2	30
445.2	34
445.2	36
445.2	39
445.2	41
445.2	44
445.2	48
445.3	6
445.3	8
445.3	12
445.3	17
445.3	20
445.3	26
445.3	28
445.3	37
445.3	38
445.3	47
446.5	13
446.5	24
446.5	27
446.6	4
446.6	14
446.6	15
446.6	18
446.6	19
446.6	23
446.6	32
446.6	33
446.6	40
446.6	42
446.6	49
446.7	2
446.7	3
446.7	31
446.7	35
446.7	43
446.7	45
446.7	46
447.8	9
447.9	17
447.9	30
447.9	36
448	1
448	5
448	7
448	8
448	16
448	21
448	34
448	39
448	41
448.1	0
448.1	6
448.1	10
448.1	11
448.1	12
448.1	20
448.1	22
448.1	25
448.1	26
448.1	28
448.1	29
448.1	37
448.1	38
448.1	44
448.1	47
448.1	48
449.2	40
449.4	4
449.4	14
449.4	15
449.4	23
449.4	27
449.4	32
449.5	2
449.5	3
449.5	13
449.5	18
449.5	19
449.5	24
449.5	31
449.5	33
449.5	35
449.5	42
449.5	43
449.5	45
449.5	46
449.5	49
450.8	16
450.8	22
450.8	34
450.8	36
450.9	0
450.9	1
450.9	5
450.9	6
450.9	7
450.9	8
450.9	9
450.9	12
450.9	17
450.9	20
450.9	21
450.9	25
450.9	26
450.9	29
450.9	30
450.9	37
450.9	38
450.9	39
450.9	44
450.9	47
450.9	48
451	10
451	11
451	28
451	41
452.1	4
452.1	23
452.1	40
452.2	35
452.3	2
452.3	13
452.3	15
452.3	18
452.3	19
452.3	24
452.3	27
452.3	32
452.3	33
452.3	42
452.3	43
452.3	45
452.3	46
452.4	3
452.4	14
452.4	31
452.4	49
453.5	1
453.6	30
453.7	0
453.7	6
453.7	7
453.7	9
453.7	11
453.7	16
453.7	20
453.7	21
453.7	25
453.7	26
453.7	34
453.7	36
453.7	37
453.7	39
453.7	41
453.7	48
453.8	5
453.8	8
453.8	10
453.8	12
453.8	17
453.8	22
453.8	28
453.8	29
453.8	38
453.8	44
453.8	47
455	4
455	40
455	45
455.1	18
455.1	19
455.1	23
455.1	24
455.1	27
455.1	46
455.2	2
455.2	3
455.2	13
455.2	14
455.2	15
455.2	31
455.2	32
455.2	33
455.2	35
455.2	42
455.2	43
455.2	49
456.4	6
456.4	30
456.4	47
456.5	0
456.5	1
456.5	22
456.5	37
456.5	38
456.6	5
456.6	7
456.6	8
456.6	9
456.6	10
456.6	11
456.6	12
456.6	16
456.6	17
456.6	20
456.6	21
456.6	25
456.6	26
456.6	28
456.6	29
456.6	34
456.6	36
456.6	39
456.6	41
456.6	44
456.6	48
457.7	18
457.7	40
457.8	33
457.8	45
457.9	2
457.9	13
457.9	19
457.9	23
457.9	27
457.9	32
457.9	35
457.9	46
458	3
458	4
458	14
458	15
458	24
458	31
458	42
458	43
458	49
459.3	1
459.3	17
459.3	21
459.3	26
459.4	0
459.4	6
459.4	7
459.4	8
459.4	11
459.4	20
459.4	22
459.4	28
459.4	29
459.4	30
459.4	34
459.4	36
459.4	37
459.4	38
459.4	39
459.4	41
459.4	47
459.5	5
459.5	9
459.5	10
459.5	12
459.5	16
459.5	25
459.5	44
459.5	48
460.7	2
460.7	40
460.8	3
460.8	4
460.8	13
460.8	14
460.8	15
460.8	18
460.8	19
460.8	23
460.8	27
460.8	32
460.8	33
460.8	35
460.8	42
460.8	43
460.8	45
460.8	46
460.8	49
460.9	24
460.9	31
462.1	8
462.1	22
462.2	1
462.2	5
462.2	6
462.2	7
462.2	11
462.2	12
462.2	17
462.2	21
462.2	25
462.2	28
462.2	29
462.2	34
462.2	36
462.2	38
462.2	39
462.3	0
462.3	9
462.3	10
462.3	16
462.3	20
462.3	26
462.3	30
462.3	37
462.3	41
462.3	44
462.3	47
462.3	48
463.5	18
463.5	27
463.5	40
463.6	13
463.6	14
463.6	33
463.6	42
463.6	45
463.6	46
463.7	2
463.7	3
463.7	4
463.7	15
463.7	19
463.7	23
463.7	24
463.7	31
463.7	32
463.7	35
463.7	43
463.7	49
464.8	29
464.9	6
464.9	25
464.9	28
465	1
465	5
465	7
465	10
465	11
465	36
465	44
465	47
465.1	0
465.1	8
465.1	9
465.1	12
465.1	16
465.1	17
465.1	20
465.1	21
465.1	22
465.1	26
465.1	34
465.1	37
465.1	38
465.1	39
465.1	41
465.1	48
465.2	30
466.3	27
466.3	35
466.4	14
466.4	19
466.4	40
466.5	2
466.5	3
466.5	4
466.5	13
466.5	15
466.5	18
466.5	23
466.5	24
466.5	31
466.5	32
466.5	33
466.5	42
466.5	43
466.5	45
466.5	46
466.5	49
467.7	9
467.7	44
467.8	6
467.8	11
467.8	12
467.8	16
467.8	28
467.9	0
467.9	1
467.9	5
467.9	7
467.9	10
467.9	17
467.9	20
467.9	21
467.9	22
467.9	25
467.9	29
467.9	36
467.9	37
467.9	39
467.9	41
467.9	47
468	8
468	26
468	30
468	34
468	38
468	48
469.1	27
469.2	19
469.2	45
469.2	46
469.3	2
469.3	4
469.3	13
469.3	15
469.3	23
469.3	24
469.3	31
469.3	32
469.3	33
469.3	35
469.3	42
469.3	43
469.4	3
469.4	14
469.4	18
469.4	40
469.4	49
470.5	12
470.6	16
470.6	44
470.7	5
470.7	7
470.7	9
470.7	10
470.7	11
470.7	17
470.7	21
470.7	28
470.7	34
470.7	36
470.7	38
470.7	41
470.7	47
470.8	0
470.8	1
470.8	6
470.8	8
470.8	20
470.8	22
470.8	25
470.8	26
470.8	29
470.8	30
470.8	37
470.8	39
470.8	48
471.9	27
472.1	15
472.1	19
472.1	24
472.1	31
472.1	33
472.1	42
472.1	43
472.1	45
472.1	46
472.2	2
472.2	3
472.2	4
472.2	13
472.2	14
472.2	18
472.2	23
472.2	32
472.2	35
472.2	40
472.2	49
473.2	12
473.3	44
473.5	1
473.5	7
473.5	16
473.5	21
473.5	36
473.5	37
473.5	39
473.5	41
473.6	0
473.6	5
473.6	6
473.6	8
473.6	9
473.6	10
473.6	11
473.6	17
473.6	20
473.6	22
473.6	25
473.6	26
473.6	28
473.6	29
473.6	30
473.6	34
473.6	38
473.6	47
473.6	48
474.4	27
474.8	43
474.9	19
474.9	45
475	2
475	3
475	4
475	13
475	14
475	15
475	18
475	23
475	24
475	31
475	32
475	33
475	35
475	40
475	42
475	46
475	49
476.3	12
476.3	16
476.3	20
476.3	28
476.3	34
476.3	37
476.3	44
476.4	0
476.4	5
476.4	8
476.4	10
476.4	11
476.4	21
476.4	22
476.4	25
476.4	29
476.4	30
476.4	36
476.4	38
476.4	39
476.4	41
476.4	47
476.4	48
476.5	1
476.5	6
476.5	7
476.5	9
476.5	17
476.5	26
476.5	27
477.8	4
477.8	13
477.8	14
477.8	18
477.8	19
477.8	31
477.8	32
477.8	33
477.8	35
477.8	40
477.8	42
477.8	43
477.8	45
477.8	46
477.8	49
477.9	2
477.9	3
477.9	15
477.9	23
477.9	24
479	9
479.1	12
479.1	34
479.2	5
479.2	6
479.2	8
479.2	16
479.2	28
479.2	29
479.2	30
479.2	37
479.2	39
479.2	41
479.3	0
479.3	1
479.3	7
479.3	10
479.3	11
479.3	17
479.3	20
479.3	21
479.3	22
479.3	25
479.3	26
479.3	27
479.3	36
479.3	38
479.3	44
479.3	47
479.3	48
480.5	4
480.6	13
480.6	18
480.6	31
480.6	33
480.6	43
480.6	49
480.7	2
480.7	3
480.7	14
480.7	15
480.7	19
480.7	23
480.7	24
480.7	32
480.7	35
480.7	40
480.7	42
480.7	45
480.7	46
481.8	9
482	7
482	8
482	29
482.1	0
482.1	1
482.1	5
482.1	6
482.1	10
482.1	11
482.1	12
482.1	17
482.1	20
482.1	21
482.1	22
482.1	26
482.1	27
482.1	30
482.1	34
482.1	36
482.1	37
482.1	38
482.1	39
482.1	41
482.1	44
482.1	47
482.1	48
482.2	16
482.2	25
482.2	28
483.3	4
483.3	43
483.4	13
483.4	18
483.4	24
483.4	31
483.4	45
483.4	46
483.5	3
483.5	15
483.5	19
483.5	23
483.5	32
483.5	33
483.5	40
483.5	42
483.5	49
483.6	2
483.6	14
483.6	35
484.8	7
484.8	27
484.8	34
484.9	1
484.9	5
484.9	6
484.9	8
484.9	9
484.9	10
484.9	11
484.9	12
484.9	16
484.9	17
484.9	22
484.9	28
484.9	29
484.9	36
484.9	38
484.9	47
484.9	48
485	0
485	20
485	21
485	25
485	26
485	30
485	37
485	39
485	41
485	44
486.2	24
486.2	43
486.2	45
486.3	3
486.3	18
486.3	23
486.3	31
486.3	32
486.3	35
486.3	46
486.3	49
486.4	2
486.4	4
486.4	13
486.4	14
486.4	15
486.4	19
486.4	33
486.4	40
486.4	42
487.6	6
487.6	16
487.6	27
487.7	21
487.7	30
487.7	34
487.7	38
487.7	39
487.7	47
487.7	48
487.8	0
487.8	1
487.8	5
487.8	7
487.8	8
487.8	9
487.8	10
487.8	11
487.8	12
487.8	17
487.8	20
487.8	22
487.8	25
487.8	26
487.8	28
487.8	29
487.8	36
487.8	37
487.8	41
487.8	44
489	49
489.1	15
489.1	18
489.1	43
489.2	2
489.2	3
489.2	4
489.2	13
489.2	14
489.2	19
489.2	23
489.2	24
489.2	31
489.2	32
489.2	33
489.2	35
489.2	40
489.2	42
489.2	45
489.2	46
490.4	21
490.5	0
490.5	1
490.5	16
490.6	5
490.6	6
490.6	7
490.6	8
490.6	10
490.6	11
490.6	12
490.6	17
490.6	20
490.6	22
490.6	25
490.6	26
490.6	27
490.6	28
490.6	29
490.6	30
490.6	34
490.6	36
490.6	37
490.6	38
490.6	44
490.6	47
490.6	48
490.7	9
490.7	39
490.7	41
491.7	49
491.9	3
491.9	15
491.9	24
491.9	35
491.9	43
492	4
492	14
492	18
492	19
492	23
492	31
492	32
492	33
492	40
492	42
492	45
492	46
492.1	2
492.1	13
493.2	21
493.2	27
493.3	12
493.3	22
493.3	29
493.4	6
493.4	7
493.4	8
493.4	9
493.4	16
493.4	17
493.4	28
493.4	34
493.4	38
493.4	39
493.4	41
493.5	0
493.5	1
493.5	5
493.5	10
493.5	11
493.5	20
493.5	25
493.5	26
493.5	30
493.5	36
493.5	37
493.5	44
493.5	47
493.5	48
494.8	2
494.8	3
494.8	14
494.8	19
494.8	32
494.8	40
494.8	45
494.8	49
494.9	4
494.9	13
494.9	15
494.9	18
494.9	23
494.9	24
494.9	31
494.9	33
494.9	35
494.9	42
494.9	43
494.9	46
496.1	12
496.1	27
496.2	16
496.2	21
496.2	34
496.2	38
496.2	41
496.2	44
496.3	1
496.3	5
496.3	6
496.3	7
496.3	8
496.3	9
496.3	11
496.3	17
496.3	20
496.3	22
496.3	25
496.3	26
496.3	28
496.3	29
496.3	30
496.3	36
496.3	37
496.3	39
496.3	47
496.3	48
496.4	0
496.4	10
497.3	24
497.5	49
497.6	4
497.6	43
497.6	45
497.7	2
497.7	3
497.7	13
497.7	14
497.7	15
497.7	18
497.7	19
497.7	23
497.7	31
497.7	32
497.7	33
497.7	35
497.7	40
497.7	42
497.8	46
498.9	21
499	9
499	17
499	27
499	44
499.1	1
499.1	11
499.1	12
499.1	20
499.1	22
499.1	25
499.1	26
499.1	28
499.1	29
499.1	34
499.1	37
499.1	38
499.1	39
499.1	48
499.2	0
499.2	5
499.2	6
499.2	7
499.2	8
499.2	10
499.2	16
499.2	30
499.2	36
499.2	41
499.2	47
