11.1	0
11.8	11
11.8	35
11.9	24
12	34
12.1	49
12.4	1
12.4	23
12.4	41
12.5	4
12.5	7
12.5	17
12.6	22
12.6	33
12.7	5
12.7	13
12.7	42
12.8	43
12.8	44
12.9	25
13	2
13	36
13.2	8
13.2	10
13.2	14
13.3	32
13.3	45
13.4	15
13.4	20
22.7	3
23.2	37
23.3	26
23.7	6
23.7	28
23.9	9
24.7	48
26.9	29
27.1	30
27.3	45
27.6	31
27.6	43
28.3	36
28.3	47
28.4	46
29	2
29.4	39
29.5	12
29.7	5
29.9	14
29.9	21
29.9	44
30.4	38
30.6	18
32.9	27
33.3	42
33.6	16
35	40
35.3	10
36.3	13
36.4	1
37.9	15
38.3	34
39.5	19
40.2	0
40.5	17
40.5	22
40.7	25
40.9	7
41.1	41
41.2	32
41.4	8
41.5	35
41.7	47
43	11
43.1	23
44.6	28
46.2	24
48.4	3
48.8	9
50.5	6
51.5	29
51.8	49
52.1	39
52.3	43
52.4	33
54.8	18
55.6	2
55.7	26
55.9	21
56	4
56.3	38
56.3	45
56.3	48
56.7	20
60	42
60.3	46
61.4	36
62	34
62.3	12
62.7	15
62.7	44
62.8	1
62.8	27
64.4	40
64.8	30
66.9	0
67.5	35
68.4	10
68.6	17
68.6	37
68.8	47
69.3	5
70.2	14
70.5	13
70.8	7
70.8	22
70.9	8
71.5	3
71.5	25
72.6	32
75.3	28
75.9	16
76.9	39
76.9	43
77.2	45
77.4	31
79	24
79.7	19
80.1	9
80.2	11
80.9	6
80.9	23
81.9	26
81.9	41
82.9	49
83.8	29
85.4	4
85.6	48
86.2	20
86.4	18
87.3	12
88.5	33
88.5	34
88.7	2
88.8	27
89.3	42
89.5	44
90.4	38
90.7	40
91.8	15
92.1	17
95.4	0
95.4	46
95.9	36
96.5	47
96.8	21
97.2	30
98.3	1
99.7	10
99.8	35
100.7	41
100.9	45
101.3	13
101.6	7
101.7	16
101.8	8
101.8	37
102.2	5
102.5	39
102.8	31
103.1	14
103.6	22
103.6	49
105.5	28
106.6	25
107.1	32
107.4	43
107.7	11
109.3	26
111	3
111	20
111.4	29
112.9	6
114	46
116	9
116	23
116	24
118.4	19
118.5	2
119.2	12
119.9	18
120.5	48
121.3	33
121.9	38
123.7	27
124.2	35
124.3	25
124.5	4
124.5	42
124.7	0
124.7	15
125	44
125.5	34
125.5	47
125.6	40
126.5	5
126.5	41
127.9	16
127.9	21
128.7	32
128.8	28
129.3	10
129.4	36
130.5	45
132.7	37
133.2	1
133.8	31
135	7
135.5	13
135.8	20
136.4	11
136.5	49
136.9	14
137.3	22
138.1	29
138.4	26
138.4	43
138.8	30
139.1	19
139.2	39
139.8	8
140.4	17
140.6	3
147.3	24
147.8	2
148.3	18
149	25
149	48
150	0
151.4	4
152.3	15
153.9	27
154.6	42
154.7	47
154.9	13
155.5	45
156.1	35
156.2	6
156.2	33
156.4	32
156.7	5
158.9	7
159	12
159	34
159.2	38
159.6	46
159.9	10
160.4	40
160.5	36
160.8	16
161.1	9
162.1	28
162.7	20
163.6	23
164.5	1
166.5	30
166.5	41
167	26
167.1	21
167.2	31
167.2	44
167.3	14
167.3	37
167.5	22
167.6	29
168.2	25
168.5	49
168.7	11
169.3	8
170.1	19
170.3	17
173.9	39
174.7	13
175.6	48
176.8	18
180.8	47
182.1	2
182.1	43
182.8	24
182.8	32
183.8	0
184	3
184.3	15
184.5	45
184.8	42
185.5	4
187.3	9
188.7	27
189.7	36
190.5	7
190.5	12
190.7	6
190.7	16
190.8	33
191	30
191.3	40
191.4	10
191.4	20
191.8	34
192	19
192	29
192.1	1
192.1	41
192.8	5
192.9	14
193.9	21
194.2	38
194.3	22
195.4	23
195.5	31
195.7	44
195.8	17
196.5	28
197.3	11
197.5	25
199.7	13
200.3	49
200.4	46
200.6	8
201.5	39
203.8	43
204.7	37
205.9	26
206.1	48
206.6	18
208.7	33
209.1	35
210.8	7
211	45
211.2	32
211.3	15
212.7	3
213.1	24
213.2	0
213.9	2
214.9	9
216.2	47
216.8	42
218.3	4
219.5	19
219.7	29
219.9	36
220.4	17
221.8	34
222.6	27
223.1	30
223.5	6
223.9	12
224.8	38
225.4	5
225.4	20
225.6	10
226	41
226.6	14
226.6	16
226.8	28
227.3	1
227.9	40
228	23
228.3	22
228.6	11
228.7	21
229.1	39
229.9	8
230.2	25
230.3	44
230.7	13
232.8	18
234.2	37
234.5	49
234.9	46
235.6	31
235.6	33
236.5	43
239.6	24
240.3	48
242.1	17
242.5	15
242.7	26
242.7	27
243.6	0
243.7	9
244.1	32
244.6	45
244.8	3
245.4	2
248.4	34
248.4	36
249.4	12
251.6	4
251.9	35
252	30
252.5	44
253.1	7
253.6	42
254.7	10
255	47
255.1	29
255.2	21
255.4	33
256.7	11
257.9	38
258.1	14
258.1	41
258.4	13
258.6	28
258.8	31
259.4	23
259.8	25
260.1	8
260.2	15
260.2	40
260.3	16
261.5	20
261.5	37
261.8	19
262.2	1
262.7	39
264.7	6
266.3	5
267.1	43
268.1	49
268.2	18
268.4	46
268.8	26
271.2	24
271.5	7
272.7	27
272.9	48
273	32
273.1	12
273.6	17
273.7	2
274.3	3
275.6	33
275.9	22
276.2	45
277.6	0
277.6	44
277.7	9
278.3	34
278.6	36
279.3	21
279.4	4
282.7	30
283.8	37
284.2	35
284.4	42
286	10
286.4	40
286.6	15
286.8	13
287.7	47
288	29
288.5	28
288.6	38
288.8	39
290.7	11
291.3	20
292.3	23
292.3	25
292.8	8
293.4	14
293.4	41
293.5	19
293.7	31
295	18
295.2	26
298.3	49
298.9	46
300.2	6
300.8	24
301	1
301.2	16
301.4	43
301.7	33
301.9	3
302.2	7
303.1	32
303.3	2
303.3	45
304.1	5
305.9	22
307.3	27
307.3	48
308.7	9
309.2	0
309.9	36
310.4	12
310.8	17
311.4	4
311.6	34
311.7	44
311.8	21
311.9	11
312.9	29
313.2	39
313.4	30
314.4	40
314.4	42
316.4	35
317.1	47
318.9	31
319.4	41
319.8	15
320.4	8
321	18
321.1	28
322.5	10
322.6	13
323.1	19
323.8	25
323.9	23
323.9	37
324.1	38
325.7	20
326.1	2
327.1	49
327.5	26
329.8	1
330.2	5
330.7	6
331.2	24
333.1	45
333.1	46
333.3	14
333.4	43
333.5	7
335.7	16
336.2	4
336.5	27
337.1	33
337.8	17
338.4	9
338.6	32
339	22
339.1	11
339.6	47
340.1	36
341	12
341.1	3
341.2	39
341.6	48
341.8	29
343.4	21
343.9	0
344.3	44
344.9	31
345.4	37
345.4	40
345.7	25
346.3	35
346.4	18
346.7	28
347.1	42
347.7	15
348.2	30
348.3	19
348.7	34
349.9	41
351	10
351.2	23
351.3	13
351.4	8
352.3	24
353.4	2
355.1	20
355.8	38
361.3	49
363.1	7
363.7	26
364	43
364.8	5
365.5	16
366.5	46
367	1
367.6	11
368.5	27
369.7	17
371	0
371.4	45
371.8	6
372.4	47
372.8	33
373.2	25
373.2	32
373.3	14
373.7	12
374	35
374.3	30
374.7	9
374.7	39
374.8	22
374.8	42
375	36
375.1	29
376	44
376.1	21
376.3	48
376.8	40
377.7	15
377.7	31
377.9	41
378.1	37
378.9	4
379.2	28
379.4	23
379.7	10
380.2	24
380.9	3
381.4	13
382.6	19
383.4	34
384.9	8
385	18
387.1	20
389.6	38
390.9	5
395.3	1
395.3	49
395.8	7
396.2	31
396.5	26
396.6	43
397	0
398.4	2
399.7	35
400.2	17
400.5	46
400.9	11
401.2	32
401.2	39
401.3	16
402	25
402.2	45
402.4	29
402.9	6
403.5	27
404.5	4
404.9	13
405	3
405.3	28
405.6	40
406.6	9
406.6	30
406.6	44
407	34
407.1	14
407.6	41
407.8	42
407.8	47
408	12
409.7	15
410.8	24
411.2	37
411.4	22
411.6	10
412.2	21
413	48
413.1	36
413.7	19
413.8	8
414.6	43
415.7	33
416.9	18
417.4	20
417.8	5
422.4	0
422.4	49
424.2	38
426.1	23
428.1	4
428.1	25
428.5	39
428.8	17
429.1	1
429.7	46
430.7	35
430.8	11
431	6
431.2	7
431.2	32
431.3	28
431.4	14
432	42
432.2	2
432.2	27
434	16
434	26
434.3	30
435.4	13
435.7	9
435.7	22
436.1	44
436.7	29
436.9	40
437	47
437.8	45
438	5
438.5	31
438.5	34
439.2	43
439.3	10
439.4	15
440.1	24
442	41
443.6	12
444	19
444	37
445.1	0
445.5	48
445.6	18
445.9	33
446.4	3
447.1	36
447.2	21
449.6	49
452.3	44
452.5	8
453.6	20
455.5	25
455.6	42
456.6	46
457.2	23
458.7	14
458.8	17
460	4
460.1	10
460.3	2
460.3	13
460.3	32
460.3	38
460.7	39
461.8	1
462.3	26
462.6	9
463.4	27
464.5	7
465.2	5
465.3	22
466.1	11
466.1	28
466.1	30
466.2	16
467	34
467.3	43
468.9	6
468.9	15
469.4	47
469.5	35
470.6	3
470.7	31
472.3	24
473	12
473.2	41
473.5	48
473.8	36
474	29
475.3	19
475.3	21
475.4	33
475.7	40
476	0
477.1	8
477.6	44
477.6	49
478.1	37
478.7	45
479.1	18
482.6	14
484	39
488.1	42
489	20
489.2	35
491.4	4
491.6	2
491.6	38
491.9	9
492.5	32
492.7	13
493.1	5
493.7	25
494.2	17
494.2	23
494.2	46
494.8	10
497.2	22
497.5	30
497.6	16
497.7	11
498	41
498	47
498.9	28
499	3
499	26
499.4	1
499.8	15
500.5	43
501.3	34
502.4	0
502.4	7
504.2	31
505	21
505.7	45
505.8	19
505.8	48
505.9	18
506	12
506	24
506.9	27
507.5	33
507.7	44
507.9	29
507.9	40
509.2	49
511.1	6
511.6	36
511.8	8
512.6	35
513.8	37
514.2	39
518.1	20
519	9
519.1	46
519.2	24
519.5	14
519.6	42
520.6	13
520.8	5
521.6	12
521.8	4
522.2	32
522.3	2
523.3	30
523.5	25
523.6	38
523.8	28
524.7	31
524.9	22
525.1	23
525.8	10
528.1	16
528.4	27
528.7	11
529	15
529.6	41
530.4	0
530.9	21
531.3	17
531.6	18
531.8	43
532.8	47
532.9	26
534.4	40
534.9	45
535.1	7
535.4	44
535.7	1
536.4	48
536.8	19
538.2	49
538.7	33
538.8	34
539.6	29
539.9	13
544.1	35
545.8	36
546.8	6
547	3
547.3	46
547.7	28
548.6	12
548.7	9
548.7	39
549.3	25
549.5	32
550	42
550.5	8
551	20
551.1	37
552.3	5
552.3	41
553.9	38
554.7	10
554.8	14
555.4	31
556.5	0
556.6	22
559.6	4
559.7	15
559.8	23
559.9	21
560.3	2
561.2	16
561.6	11
562.6	17
562.7	27
562.9	30
566.9	45
567.3	19
567.7	13
567.8	44
567.8	47
568.2	29
569.4	40
569.6	28
570.1	48
570.8	24
571.4	18
571.8	34
572.4	33
572.6	26
572.8	1
573.5	12
573.9	36
574.5	7
575.9	20
576.1	8
577.5	25
578.5	6
579.4	39
579.6	35
579.9	32
580	43
580.1	42
580.2	31
580.3	41
581.4	37
581.8	15
581.8	46
581.9	3
582	49
583.8	38
585.2	14
585.7	9
586.5	5
587.7	2
587.7	10
589	22
589.3	11
590.6	4
591.8	13
592.7	0
592.8	16
592.9	21
596	17
597.5	29
597.7	23
598.5	27
599	45
599.1	44
599.3	30
600.4	48
601.2	28
601.6	33
601.9	19
602	24
602.1	40
602.5	12
603.7	7
603.9	36
604	8
605.9	34
606	47
607.3	15
607.4	3
607.9	20
608.4	43
608.5	1
608.5	46
609	26
609.2	25
609.5	2
609.5	35
610	42
611.7	37
612	32
614	6
614.1	22
614.1	31
614.3	41
616.7	38
616.8	49
617.2	5
617.6	9
618	14
619.4	18
620	45
621.5	19
621.8	16
621.9	10
623	13
623.6	21
624	0
624	4
624.1	26
624.4	27
627.4	44
627.7	48
628.1	17
628.2	23
628.7	39
630.2	7
632	30
632.1	47
632.9	8
632.9	33
633.4	11
633.5	12
634.2	2
634.4	28
634.5	29
635.2	3
635.6	46
636	24
636	40
636.9	36
637.7	43
638.3	15
638.4	34
639.5	22
639.6	1
640.9	35
643.1	37
643.3	42
643.5	32
643.7	20
644	31
645.2	25
646.5	38
646.5	41
648.1	9
648.3	45
649.2	14
649.5	5
649.5	19
649.8	18
650.1	49
650.3	10
650.7	21
651.8	16
652.2	13
652.4	4
655.1	30
655.6	48
656.2	6
657.1	44
657.8	26
658.1	36
658.6	33
659.2	0
659.6	8
660.1	24
660.5	40
661.5	25
662.1	46
662.5	47
663.1	7
664.4	11
665.2	28
666	17
666.2	42
666.4	43
667.2	39
667.6	23
669.5	22
669.6	3
670.1	15
670.1	32
670.2	2
670.8	35
671.8	31
672.2	29
672.7	1
673.4	27
675	41
675.1	34
675.6	37
675.9	20
676.1	45
676.5	12
676.7	38
677.4	13
677.6	14
677.8	5
678.3	9
678.9	18
681.2	30
682.2	49
682.9	16
686.1	8
686.6	48
687.1	24
687.2	10
688.4	0
688.5	6
688.5	40
689	36
689.1	25
689.1	26
689.2	33
689.3	4
691.9	19
692.7	44
692.9	42
693.3	21
693.8	46
694	43
696.8	7
696.9	17
696.9	28
697.6	12
698.3	15
698.6	23
700.9	38
701.4	18
701.6	11
701.8	41
702.4	22
702.5	1
702.5	20
703.8	2
704	34
704.2	39
704.6	29
705.3	47
705.6	3
706.5	32
707.4	37
707.9	31
707.9	35
708.9	27
709.1	45
710.5	9
710.7	14
711.7	5
712.7	30
713.5	24
713.7	48
714.7	49
715.2	8
715.6	40
717.6	36
717.9	38
718.5	13
718.6	33
718.7	43
719.5	16
719.8	4
720.1	6
721	0
721.5	11
723.2	12
724.1	10
726.1	26
726.1	46
726.7	19
727.2	7
727.2	25
727.2	28
727.3	42
727.4	23
728	44
728.2	21
728.8	41
728.9	15
729.9	17
730.2	1
730.6	34
731.7	20
732.7	37
732.8	18
733.4	32
734.3	5
734.3	13
735	47
735.4	29
735.4	35
735.8	39
736.5	22
737.1	31
737.6	27
737.7	48
737.9	14
738	36
738.7	3
738.9	30
742.9	40
745.9	8
746.2	45
746.3	43
746.4	2
746.5	24
748.1	9
748.8	21
749.3	11
750.4	10
750.6	16
751	4
752	33
752.6	49
753.2	32
753.7	6
754	0
754.9	13
757.2	38
757.3	17
757.3	20
757.3	36
757.9	46
758.3	44
758.4	26
758.5	7
758.6	12
758.9	1
759.3	23
760.9	34
762.2	25
762.6	42
763	41
764.4	28
764.6	15
764.7	19
765.2	31
765.5	37
765.5	48
765.8	18
768	39
768.2	5
768.3	45
768.5	47
770.5	3
770.5	29
770.9	40
771.1	27
771.1	30
774.4	8
774.5	2
775.1	22
776	43
776.6	24
778.3	10
778.8	16
779.4	49
779.6	23
779.9	9
779.9	32
780.7	7
780.8	14
783.4	36
786.2	6
786.4	33
786.5	11
787	12
787.1	17
788	38
788.1	26
788.3	0
789.5	13
789.7	4
791.3	1
791.8	35
792.2	21
792.5	28
793.1	46
793.5	25
794.2	44
795	19
795.6	20
795.6	42
795.7	34
795.9	31
796.6	18
796.6	39
797.4	40
798.3	37
798.7	5
799.8	48
