4.8	15
4.8	30
4.9	2
4.9	33
5	26
5.1	18
5.1	19
5.2	4
5.2	8
5.2	48
5.3	21
5.3	27
5.3	29
5.4	13
5.4	34
5.4	36
5.4	40
5.4	42
5.5	1
5.5	23
5.5	24
5.5	28
5.5	46
5.6	5
5.6	10
5.6	25
5.6	32
5.6	41
5.7	22
5.7	47
5.8	3
5.8	16
5.8	17
5.8	20
5.8	49
5.9	12
6	31
6	35
6	43
6	45
6.1	0
6.1	6
6.1	44
6.4	39
13.1	17
13.2	25
13.2	31
13.3	5
13.4	6
13.6	12
13.6	44
13.6	47
13.7	0
13.7	35
13.7	49
13.8	39
13.9	20
13.9	22
14	3
14.1	43
14.2	8
14.4	23
14.4	34
15	1
20.3	37
20.4	46
20.7	42
21.1	3
21.1	24
21.5	45
21.6	4
21.6	8
21.6	49
21.8	19
21.8	29
22.9	14
23.9	32
26.6	36
26.8	20
27.2	44
27.3	47
27.5	39
27.6	48
28.1	22
28.8	25
29.7	5
30.6	9
30.6	31
30.6	43
30.7	35
30.9	23
31.1	16
31.3	12
31.4	26
31.4	27
31.4	34
31.6	1
31.8	41
32.3	10
32.4	17
33	38
33.7	40
33.9	46
34.9	11
35.9	19
36.1	33
36.2	18
36.6	0
36.8	24
37.8	8
37.8	20
37.9	13
37.9	15
37.9	28
38	7
39.1	3
39.7	4
41.8	2
41.8	30
42.1	49
42.2	45
42.5	21
42.6	32
42.8	6
44.4	14
44.4	39
45.7	37
45.8	42
46.4	29
46.7	16
46.9	22
47.4	36
47.5	31
47.5	44
47.5	48
47.7	5
47.7	43
48.4	10
48.6	41
48.7	47
49.2	12
49.3	23
50.3	40
50.6	38
51	26
51.2	33
51.4	17
51.5	9
51.8	1
51.9	27
52.4	34
52.6	4
52.9	35
53	25
53.1	28
55.9	32
56.7	46
57	0
57.8	20
58	15
58	36
58.2	3
58.3	11
58.3	24
59	13
59.2	21
59.4	49
60.6	18
60.6	30
62.4	19
62.6	7
63.4	10
63.9	41
64	2
64.1	6
64.2	31
64.9	39
64.9	42
65.8	28
66.2	4
67	45
67.1	14
67.1	16
67.3	43
67.4	17
67.5	47
68	8
68.2	22
68.4	5
68.4	40
68.6	12
70	29
71	9
71	34
71	48
71.8	46
71.9	37
72.2	44
73	23
73.5	33
73.5	38
73.7	25
73.9	15
74.4	1
75.5	27
75.5	32
76.6	13
77	35
77.1	36
78.3	26
78.6	0
78.6	10
78.7	24
78.8	8
78.9	30
79.1	21
79.2	20
80.5	18
81.2	41
81.8	31
82.9	14
83	4
83	39
83.1	19
83.3	7
83.6	3
83.6	49
83.7	45
83.8	28
83.9	17
84.1	11
84.8	6
84.9	16
86.6	42
86.9	5
87	2
87	22
88.8	43
89.2	48
89.7	47
90.2	37
90.7	9
90.7	23
90.9	38
91.2	40
91.4	29
91.6	44
92.7	46
92.8	1
92.9	34
94.2	13
94.2	33
94.6	15
94.8	25
96.5	35
96.5	49
96.7	12
97.2	30
98.1	41
99.1	10
99.7	21
100.1	43
100.2	31
100.2	36
100.3	26
100.3	32
100.5	45
101.3	24
101.9	4
102.3	28
102.4	20
102.6	19
103.2	3
104.3	5
104.3	14
105.1	27
105.2	16
105.7	18
105.9	8
105.9	42
106.2	17
106.4	2
106.9	29
106.9	39
107	6
107.8	11
108.1	7
109.7	44
109.7	45
110.3	37
110.3	48
110.9	22
111.7	49
112	9
112.2	13
112.6	15
113.5	34
114.4	38
114.5	33
115.4	1
115.8	40
115.9	12
115.9	46
116.5	25
116.6	0
116.7	29
116.9	24
117	47
117.5	43
117.6	35
117.7	19
119.2	23
119.3	36
119.7	41
120.5	30
120.8	32
120.9	21
121.6	27
121.7	4
121.9	20
122.2	39
122.4	3
122.5	26
123.5	31
124.5	14
125.6	8
125.7	28
126	5
126	10
126.1	16
126.6	44
126.8	47
126.8	48
126.9	9
127.2	42
127.7	15
127.7	17
127.7	33
128	37
129.1	7
129.3	45
129.8	6
130.6	18
130.8	2
130.8	11
131.7	13
132.3	41
132.6	26
132.8	3
132.8	24
133.7	46
133.9	25
134	40
134.1	36
134.2	49
134.3	22
134.4	12
134.8	29
135	9
135	35
135.2	1
136.9	34
138.1	0
138.2	23
140	38
140.2	39
140.9	32
141.1	43
141.7	19
141.9	21
142.6	5
143.6	27
143.7	4
145.1	33
145.2	20
145.3	14
145.3	37
145.6	30
145.6	31
145.8	44
146.2	17
146.6	10
146.6	47
147.2	28
147.4	2
147.7	42
149.2	48
149.5	6
149.5	45
149.7	36
150.5	15
150.9	3
151	49
151.5	12
151.5	41
153.2	13
153.2	26
153.3	40
153.4	35
153.5	11
153.7	16
153.8	7
154	24
154.4	1
155.8	23
156.1	39
156.3	29
156.5	32
156.8	8
156.8	9
156.8	22
157.1	18
157.2	0
157.6	34
157.7	25
158.8	19
159.4	33
161.4	46
161.9	28
162.1	30
162.1	38
162.8	43
163	5
163.1	31
163.3	48
163.5	20
164.4	17
164.7	2
164.7	27
164.8	6
165	14
165	21
165.2	4
167.8	37
167.9	10
167.9	42
168	1
168.7	15
169	7
170.8	49
170.9	45
172.8	11
172.8	47
173.1	39
173.2	24
173.4	12
173.5	16
173.7	13
173.7	36
173.8	35
173.9	0
174	22
174.6	9
174.6	48
174.7	44
174.9	41
175.1	25
175.7	3
177.4	29
177.5	23
177.5	28
178.8	33
178.9	20
179	19
179	26
179.5	8
179.6	32
180.2	18
181.3	30
182.2	34
182.9	2
183	38
183.1	31
183.5	42
184.1	40
184.2	46
184.5	6
184.7	5
185.1	10
185.1	14
185.3	43
185.7	1
186.4	21
187.9	27
188.2	48
188.5	17
188.6	4
188.8	7
189.4	22
189.6	44
190	49
190.1	0
190.1	15
190.1	37
192.7	45
193.2	39
193.6	24
193.8	12
194.1	13
194.1	41
194.5	25
194.9	16
195.4	20
195.4	36
195.5	9
195.7	35
196.1	3
196.2	19
196.6	32
197.1	26
198	42
198.3	43
198.6	10
198.6	23
198.6	33
198.7	28
198.9	11
199.7	29
199.8	47
201.5	49
201.8	31
202.8	7
202.9	30
203.1	40
203.2	18
203.4	46
203.7	44
203.9	22
204.3	0
204.4	38
204.7	5
204.9	2
204.9	37
205.1	1
205.2	8
205.5	14
206.4	4
206.6	34
206.7	13
209.1	6
209.4	48
209.7	12
209.7	15
210.2	21
210.6	41
212	27
212.6	16
212.8	9
213.8	3
213.9	26
213.9	33
214	24
214.3	45
215	43
215.3	17
215.6	19
215.8	32
216.2	36
216.9	25
217.1	28
217.6	29
218	20
218.1	10
218.2	42
218.3	30
219.2	0
219.2	35
219.3	37
219.9	40
221.2	49
222.3	47
223.4	11
223.9	22
224.1	31
224.1	39
224.4	2
225.3	38
225.5	1
225.7	5
225.8	16
225.8	46
226.1	44
226.2	48
226.5	7
227.6	13
228.1	34
228.5	23
228.7	3
228.9	4
229	8
229.7	6
229.8	15
230.3	12
230.3	14
231.2	33
232.4	18
232.8	0
233.1	32
233.4	28
233.4	41
233.4	43
233.6	9
233.6	27
233.9	1
234.4	20
236.3	17
236.9	21
237.4	45
237.6	24
237.6	26
237.7	42
238.3	40
238.7	29
238.9	37
238.9	49
239.6	19
240.4	10
241	30
243	2
243.1	25
243.2	35
243.3	7
243.4	22
243.8	44
244	23
244	47
245.5	11
245.7	46
246.7	39
247.2	34
247.3	38
247.4	3
247.9	32
248.1	27
248.6	13
248.8	4
249.5	40
249.6	36
249.7	31
250.1	33
250.2	16
250.6	9
251.4	48
251.9	1
251.9	43
252	8
252.2	12
252.4	18
253.3	5
254	17
254.1	6
254.3	41
255.2	28
255.3	14
256.9	20
257.1	0
257.6	45
258.1	42
258.3	15
258.4	30
258.7	49
258.9	26
259.1	19
259.1	37
260.4	29
261	7
261.1	2
261.9	10
262	11
262.1	12
262.2	24
262.2	25
262.3	38
262.4	47
263.4	46
264.5	23
264.9	34
265.1	4
265.7	13
266	22
266.1	33
266.4	31
266.4	39
266.4	44
266.6	32
267.9	3
270.7	16
271	24
271.5	35
271.6	21
272.1	27
272.2	6
272.8	38
273.3	36
274.5	5
274.7	8
275.5	15
275.7	12
275.9	37
276.2	43
276.9	41
277.9	30
278.2	25
278.4	28
278.7	17
278.7	20
278.9	9
279	42
279.2	26
279.9	18
280.1	40
280.2	19
280.3	1
280.4	49
280.5	11
281.3	7
281.9	47
282	48
282.7	34
282.8	0
283.1	45
283.4	2
283.5	24
283.6	14
283.6	46
283.8	10
284.8	13
285.2	33
285.5	23
285.7	32
288.8	35
288.8	44
289.2	4
289.6	3
289.6	16
289.6	43
289.7	31
290.4	29
290.5	27
290.7	22
291.2	39
291.4	8
291.4	21
291.5	1
292.3	15
292.4	38
293.1	20
293.2	36
293.8	6
297.5	49
297.6	9
298	19
298	41
298.2	5
298.5	12
298.5	42
298.8	46
299	28
299	37
299.6	11
299.7	34
299.8	25
300	7
302	14
302	17
303.4	0
303.4	40
303.6	45
303.8	26
303.9	24
304	33
304	43
304.1	10
304.5	13
304.7	2
304.8	3
307.7	18
307.9	48
308	8
308	23
308.2	16
308.6	32
308.7	22
309.1	4
309.3	29
309.5	31
309.7	30
310	1
310.4	15
310.6	38
313.2	25
313.3	44
313.7	27
314	36
314.1	46
314.4	21
314.4	47
315	35
315.5	41
317.1	37
317.9	11
318.8	19
319.1	4
319.4	5
319.6	20
319.6	40
319.8	12
319.9	39
320.2	2
320.2	28
320.4	6
320.7	3
322.1	34
322.7	49
322.8	7
323	24
323.7	32
324.2	17
325	13
325.3	9
325.3	42
325.3	43
325.6	47
327.5	38
327.8	26
328	45
328.1	46
328.1	48
328.2	25
328.6	15
328.7	0
328.8	18
329	31
329.1	29
329.5	14
330.8	10
331.7	33
332	8
332.6	22
332.9	11
332.9	44
333.4	1
335	4
335	23
335.2	5
335.6	35
336.2	19
337.1	32
337.6	21
337.8	16
338	30
338	39
338.6	12
338.7	37
339.4	6
339.5	13
339.5	36
340.3	7
340.3	20
340.3	24
340.3	41
340.4	14
340.5	9
340.8	2
341	28
341.4	49
343.1	47
343.5	3
344.4	48
344.8	34
344.8	40
345.2	43
345.3	38
345.4	42
345.6	27
345.7	17
347.1	0
348.4	26
348.8	46
349.2	45
349.3	24
350	4
350.3	10
350.6	15
350.7	33
350.8	25
350.9	9
352.5	18
352.5	44
353	11
353.7	30
354	31
354.2	19
354.5	14
354.5	29
355.1	8
357.1	28
358.3	35
359.2	48
359.3	16
359.6	39
359.9	5
360.4	12
360.5	36
360.7	23
360.7	32
360.7	43
360.7	47
360.7	49
361.1	20
361.1	41
361.2	37
361.2	40
361.3	7
361.6	21
361.9	1
363.2	2
364.1	6
365.4	27
365.4	34
365.7	13
365.8	0
365.9	42
366.1	3
366.3	17
367.1	9
367.4	25
368.8	26
369.1	38
370	46
370.3	4
370.5	45
370.9	22
371.5	40
371.6	43
372.3	18
372.3	33
373	15
373.4	10
373.6	11
373.7	23
374.3	41
375.1	24
375.8	29
376.2	19
377.8	48
378.1	44
378.9	14
379.5	7
379.6	28
379.7	21
379.8	47
379.9	35
380.1	32
380.2	36
380.3	31
382	2
382.1	37
382.9	20
383	5
383.1	49
383.2	39
383.3	30
383.4	1
383.6	6
384.2	3
384.4	17
385	8
385.4	13
385.8	27
386.3	12
386.4	0
387.4	42
387.5	9
387.6	25
387.9	16
388.4	33
388.6	4
389	41
389.6	34
390.6	10
390.6	26
391.1	43
391.9	11
392	44
392.1	38
392.2	45
392.7	15
392.7	17
392.9	46
393.3	19
393.3	22
393.5	29
393.6	5
393.6	40
393.7	18
395.5	48
396	35
397.2	36
397.3	23
398.2	28
398.3	20
398.4	14
398.7	37
399	32
399.8	7
399.8	41
400.1	31
401.2	6
401.9	49
402.1	8
402.3	1
402.3	21
403	47
403.1	39
403.6	3
404.7	16
404.9	13
406.8	24
407.1	27
407.1	42
407.5	30
407.6	12
409	36
409.1	2
410.5	25
410.6	26
411	0
411.5	33
411.6	29
411.9	4
411.9	46
412	40
412	45
412.1	44
412.2	15
412.6	10
412.9	34
413.1	5
413.2	19
415.1	35
415.9	38
416.3	28
416.4	43
416.7	1
417.4	11
417.8	48
417.9	22
418	37
418.8	23
419	9
419.5	18
420.6	8
420.6	20
420.7	3
421.2	7
421.3	31
421.3	49
422	39
423.8	17
424.3	21
424.4	10
424.4	13
424.5	30
424.7	47
425.6	32
425.8	6
427.9	45
428.1	16
428.5	14
428.9	2
429.1	22
429.5	42
429.6	24
429.6	41
430	27
430.6	0
430.6	15
430.6	36
430.7	40
430.9	33
431	25
431	46
431.3	8
431.7	26
431.7	37
432	19
432.9	12
434.5	38
435.1	44
435.3	43
435.8	48
436	4
436.2	28
436.2	35
436.5	6
436.6	34
436.7	1
436.7	11
437.6	29
438.8	3
439.1	5
440.1	18
440.5	20
440.6	26
441.2	42
441.3	32
441.9	36
442.3	23
443.1	30
443.8	9
445.2	49
445.7	13
446	10
446	12
446	31
446.1	21
446.1	40
446.2	7
446.3	17
446.7	24
446.8	25
446.8	44
446.9	4
447.1	0
447.7	14
447.9	39
447.9	46
449.2	2
449.3	8
449.8	19
450.4	47
450.9	45
451.2	16
451.4	22
451.7	11
451.9	48
452	41
454.3	18
454.6	15
455.3	27
455.3	37
455.5	20
455.5	33
457	34
457.1	35
457.1	38
457.4	43
457.8	3
459.2	6
459.3	13
459.5	5
459.8	30
459.9	29
460.1	7
460.4	17
460.6	42
461.6	32
462.1	23
462.8	1
463.3	46
463.5	16
464.4	14
464.9	31
466.9	9
467.1	12
467.4	10
467.4	25
467.7	40
467.9	2
468.7	34
468.7	44
468.8	22
469	8
469.1	18
469.2	24
469.4	11
469.4	28
469.6	4
472.5	19
473.2	27
473.2	36
473.3	33
473.3	49
473.5	48
473.9	3
473.9	47
474	37
474.3	21
474.5	0
474.7	39
475.2	45
475.4	15
475.9	17
476.6	38
476.8	26
476.9	7
476.9	35
477.4	42
477.6	29
478.1	43
478.2	41
478.4	16
479.8	32
480.4	13
480.8	5
480.8	23
481.3	46
481.5	2
481.8	6
482	31
482.5	30
482.9	9
483.2	1
483.6	8
484.7	18
484.8	14
485.6	20
485.7	4
485.7	25
486.2	34
487.4	24
488.1	49
488.6	48
489.1	37
490.8	40
491	28
491.4	11
492.2	22
492.5	27
492.7	36
493.2	12
493.2	45
493.7	44
493.8	10
495.4	39
495.6	17
495.7	41
496	0
496	7
496.1	38
496.2	21
496.6	35
496.8	16
496.8	29
496.9	43
497.2	47
497.4	3
497.4	15
497.7	2
497.7	42
498.4	32
498.5	19
500.4	33
501	5
501	31
501.2	13
501.3	9
502.1	6
502.2	23
502.9	46
505	30
505.6	49
506.1	24
506.2	20
506.5	14
506.6	8
506.6	26
507.5	34
507.5	36
507.9	1
508.6	25
508.7	22
509.3	18
511.4	40
511.7	4
511.7	48
511.8	12
512.5	35
512.6	10
512.9	7
512.9	37
513.2	3
513.2	38
513.5	28
514.4	16
514.8	44
515.8	21
516.8	23
517.2	43
517.4	29
517.5	41
517.5	45
517.6	27
517.9	0
518.2	11
518.4	5
518.4	15
518.5	17
518.8	47
519	46
519.5	2
520.5	6
521.2	13
521.4	8
521.6	10
521.6	19
521.6	42
522.2	32
523.2	39
523.6	24
523.9	9
524.3	31
526.4	30
526.6	20
526.8	49
526.9	33
527.5	4
527.5	37
528.4	14
530.3	1
530.6	7
530.7	28
531.1	22
531.4	43
531.8	40
532	18
533.2	12
533.7	29
534.4	39
535.3	25
535.5	23
535.9	16
535.9	38
536.2	11
536.6	13
537.8	21
537.9	3
537.9	45
538.1	47
538.4	2
538.9	27
539.4	0
539.7	10
539.7	36
539.8	8
540.1	15
540.1	31
540.2	44
542.7	19
543.1	35
543.1	43
543.5	6
543.5	34
543.7	24
544	26
544.4	46
544.9	20
545	42
545.1	48
545.3	49
545.9	9
545.9	33
546.1	37
547.5	17
548.8	4
549	5
549	22
549.2	13
549.3	28
549.3	32
549.3	41
549.7	40
549.9	30
550.3	7
551.7	1
553.3	14
553.4	23
554.1	12
554.7	39
555.4	11
555.4	31
555.4	36
555.7	29
555.9	34
556.2	15
556.3	47
559.4	3
559.4	25
560.1	16
560.1	20
560.1	27
560.1	35
560.3	8
560.4	21
560.5	45
561.1	7
561.2	5
561.4	38
561.4	44
561.5	49
561.6	6
563	18
563.7	46
564.1	9
564.1	43
564.6	10
564.6	24
565	0
565	36
565.2	30
565.5	37
565.8	19
566	33
566.1	13
566.5	4
566.6	42
566.7	40
567	17
569.6	32
570.5	48
571.1	34
571.2	47
571.3	26
571.8	31
571.8	41
571.9	21
572	14
572.2	28
573.6	1
574.4	12
574.5	15
575.1	23
575.5	45
576.4	2
576.4	49
576.5	11
576.9	22
577.4	29
578.6	38
578.7	35
579	6
579.7	7
581.5	33
582	5
582.1	27
582.5	43
583	46
583.2	45
583.3	44
583.5	3
583.5	13
583.5	19
583.5	37
583.6	30
583.8	39
583.9	9
583.9	20
586.7	0
586.9	18
587.2	24
587.9	47
588.3	17
588.3	32
588.4	48
589.1	21
589.8	25
590	34
590.4	4
590.6	10
591.8	28
592.5	15
593.2	44
593.3	16
593.4	26
593.6	14
594.3	11
594.6	1
594.6	23
594.6	33
594.6	40
594.7	8
596.1	36
597.6	12
597.7	42
597.8	31
597.9	45
598.1	41
598.6	22
599.6	35
601.5	49
601.7	5
601.8	6
602.4	9
602.9	7
603.4	37
604	38
604.4	17
604.6	13
605.1	2
605.7	20
606.6	32
606.7	29
606.8	16
607	30
607.2	26
607.3	34
607.5	39
607.6	3
608	0
608	43
608	44
608	46
608.1	21
608.3	14
608.5	27
608.8	24
609.2	4
612.4	25
613.1	10
613.2	18
613.4	19
613.6	1
613.6	42
613.8	28
613.8	36
614	8
614	47
615.8	12
616.7	22
616.7	33
617	23
617.2	9
617.5	15
617.6	45
617.8	31
618.7	49
619.5	40
619.9	48
620	11
621.1	5
621.4	0
621.6	43
621.7	41
621.8	35
623.1	7
624.2	6
625.6	29
625.6	37
625.9	27
626.3	32
626.4	34
626.5	14
626.7	17
626.9	16
626.9	19
627	26
627	44
627.2	1
627.8	36
628	39
628.6	38
628.8	2
628.9	21
630.3	24
630.4	42
631	30
631.2	20
631.4	3
632	25
632.3	47
632.5	15
633.1	31
634.1	4
634.8	46
635.9	28
636.7	18
637.4	12
638.8	49
639.4	45
639.7	10
639.8	22
639.9	5
640.1	13
640.1	48
640.2	0
640.3	33
640.4	14
640.4	27
640.5	23
640.7	11
640.7	44
640.8	43
642	34
642.3	41
642.9	15
643.4	37
644	35
644.2	40
645.1	1
645.3	39
645.4	6
645.4	16
645.6	21
645.7	7
645.7	20
646.8	17
648.5	26
648.9	42
649	32
649.2	38
649.5	4
649.8	19
649.9	29
650.2	8
651.5	31
651.6	25
651.9	30
652.2	2
653	12
653.3	13
653.8	18
654.9	9
655.2	47
655.4	27
656.6	10
656.9	22
656.9	36
657.1	46
658.1	43
658.6	44
658.9	35
659	14
659.7	45
659.8	48
660.4	24
660.5	49
660.6	34
660.9	28
661.1	29
662	5
662.1	6
662.2	41
663.1	3
663.2	11
663.3	33
664.1	7
664.2	1
664.3	0
664.5	16
665.8	23
666.2	13
667	38
668.6	40
668.8	42
669.6	4
669.7	15
670	31
670.1	39
670.6	12
670.6	21
670.7	25
670.7	37
671.6	19
673	2
673.2	32
673.8	18
674	17
674.7	9
675	30
675.8	41
676.3	8
676.3	48
676.4	16
677.8	27
678.1	45
678.7	26
678.7	36
678.8	10
678.8	43
678.9	49
679.5	22
679.5	38
679.7	12
680	35
680.1	20
680.2	1
680.8	6
680.8	46
680.9	28
680.9	29
681	23
681.2	0
681.2	47
681.6	14
681.6	33
683.7	34
684.6	24
684.9	11
684.9	44
685.7	7
685.9	3
688.3	40
688.6	19
688.9	37
689.7	13
690	25
690.2	41
690.9	42
691.2	48
691.8	5
691.8	18
692.2	21
692.6	33
693	31
693.2	30
693.5	15
693.6	39
693.9	43
694.4	2
695.1	4
695.5	32
696	1
696	38
696.3	9
696.9	12
697.7	7
697.9	22
697.9	49
698.6	10
698.8	8
699.2	17
699.3	45
699.4	0
700.2	44
700.9	26
701.8	27
702	47
702.3	6
702.3	34
702.4	20
702.4	46
702.5	23
702.7	3
702.7	14
702.7	24
703.3	29
703.6	28
703.6	35
704.8	16
706	19
706.7	11
707	13
707	30
708.9	25
709.7	33
710	36
710.4	43
710.6	37
710.7	40
710.7	41
711.4	2
711.4	42
711.7	32
711.8	31
712.4	4
712.4	5
713.3	17
713.7	1
714.1	38
715.3	21
715.5	18
715.7	10
716.3	12
716.4	26
716.6	3
716.7	9
716.7	49
717	39
717.3	27
717.5	7
717.8	11
717.9	48
718.6	29
719.7	44
720	46
720.2	47
720.4	14
720.7	15
721	22
721.1	35
721.1	45
721.3	34
721.4	0
721.9	13
721.9	19
722	8
722.4	16
722.4	25
723	24
724.3	28
724.4	6
726.2	20
726.9	2
727.1	32
727.6	17
728.8	43
730.2	37
730.6	31
730.9	42
731	40
731.4	36
732.7	30
733.7	4
733.7	33
733.8	23
734.6	1
734.8	12
734.9	26
735.1	18
735.4	11
735.4	21
735.4	29
735.5	41
735.6	9
735.6	13
735.8	10
735.9	7
736.1	48
736.1	49
736.3	5
736.9	14
738.4	39
738.7	47
738.8	35
740.3	34
740.5	25
741.1	45
741.2	46
741.4	6
741.4	15
741.4	27
742.2	24
742.9	8
743	16
743.1	19
743.2	28
744.1	3
744.3	32
744.5	44
744.6	0
745.5	22
745.7	38
746.8	31
747.1	17
747.2	2
747.9	36
748.3	20
748.5	37
748.8	18
751	29
751.2	43
751.6	41
752.1	48
754.2	40
754.4	9
754.8	12
755	26
755.1	10
755.2	14
755.2	30
755.4	35
755.4	49
755.7	33
755.8	42
756.3	1
756.3	21
756.6	39
756.7	23
756.8	5
756.9	7
757	24
758.6	47
759.2	15
759.8	4
760.5	43
760.8	27
761.2	28
761.2	46
761.4	13
761.4	34
761.4	45
761.6	0
761.8	16
762.3	36
762.6	11
762.9	25
763.5	8
764.3	3
765.2	32
765.3	22
765.3	38
765.5	17
766.3	31
766.4	19
767.4	9
767.6	6
767.8	26
768.5	20
768.8	18
769.7	37
770.3	2
772.1	29
772.2	35
772.2	44
772.3	25
772.4	21
772.4	40
772.4	49
772.7	1
772.8	33
772.9	47
776.2	30
776.5	42
776.8	7
776.9	12
776.9	48
777.1	24
777.7	28
777.7	45
778	5
778.3	39
779	41
779.5	27
779.7	10
779.7	15
781.6	14
782.1	0
782.5	11
782.5	36
782.8	22
783.1	4
783.1	19
783.3	8
783.4	38
783.7	23
784	32
784.2	9
784.3	13
784.3	46
787.1	6
787.5	16
787.5	43
787.7	31
787.7	44
788.1	18
788.3	26
788.4	34
788.7	20
789.1	37
789.5	2
789.6	3
789.8	49
790.9	29
792.3	47
792.7	24
793	30
793.1	1
793.1	39
793.3	17
793.9	21
794	28
794.1	7
794.2	10
794.2	33
794.3	25
794.5	46
795.3	35
795.4	4
795.4	40
795.9	45
796.1	48
797.3	41
797.7	23
798.9	15
799.7	18
