0.3	0
0.3	1
0.3	10
0.3	21
0.3	28
0.4	3
0.4	8
0.4	9
0.4	12
0.4	17
0.4	19
0.4	22
0.4	23
0.4	24
0.4	31
0.4	34
0.4	40
0.4	43
0.5	2
0.5	5
0.5	7
0.5	13
0.5	15
0.5	16
0.5	18
0.5	20
0.5	25
0.5	26
0.5	27
0.5	30
0.5	32
0.5	35
0.5	38
0.5	41
0.5	45
0.5	46
0.5	49
0.6	6
0.6	29
0.6	33
0.6	36
0.6	37
0.6	39
0.6	42
0.6	44
0.6	47
0.6	48
0.7	4
0.7	11
0.7	14
2.8	0
2.8	3
2.8	10
2.9	1
2.9	12
2.9	19
2.9	22
2.9	24
2.9	28
2.9	40
2.9	43
3	2
3	5
3	8
3	13
3	17
3	18
3	20
3	21
3	25
3	29
3	30
3	31
3	32
3	34
3	35
3	41
3	44
3	46
3	49
3.1	4
3.1	7
3.1	9
3.1	15
3.1	16
3.1	23
3.1	26
3.1	27
3.1	37
3.1	47
3.2	36
3.2	38
3.2	39
3.2	42
3.3	6
3.3	11
3.3	33
3.3	45
3.3	48
3.5	14
5.1	0
5.2	10
5.3	3
5.3	28
5.3	40
5.4	43
5.4	44
5.5	5
5.5	19
5.5	22
5.5	24
5.5	25
5.5	30
5.5	34
5.6	1
5.6	12
5.6	20
5.6	21
5.6	32
5.6	35
5.6	41
5.6	46
5.6	47
5.6	49
5.7	2
5.7	4
5.7	8
5.7	9
5.7	13
5.7	15
5.7	16
5.7	17
5.7	23
5.7	26
5.7	27
5.7	31
5.7	38
5.8	39
5.9	7
5.9	11
5.9	18
5.9	36
5.9	37
5.9	42
5.9	48
6	6
6	29
6	33
6	45
6.4	14
7.3	0
7.4	10
7.6	3
7.6	28
7.6	40
7.7	43
7.7	44
7.9	22
7.9	30
8	5
8	24
8	25
8	47
8.1	12
8.1	19
8.1	20
8.1	34
8.2	21
8.2	23
8.2	32
8.2	41
8.2	49
8.3	2
8.3	4
8.3	8
8.3	9
8.3	16
8.3	17
8.3	35
8.3	38
8.3	39
8.3	46
8.3	48
8.4	1
8.4	15
8.5	13
8.5	26
8.5	27
8.5	31
8.5	42
8.6	6
8.6	11
8.6	29
8.6	37
8.6	45
8.7	18
8.7	33
8.7	36
8.8	7
8.9	14
9.7	0
9.7	10
9.9	3
9.9	28
9.9	40
10	43
10	44
10.1	30
10.2	22
10.3	5
10.3	24
10.3	25
10.3	47
10.4	12
10.4	20
10.5	34
10.6	19
10.6	21
10.8	17
10.8	23
10.8	32
10.8	41
10.8	49
10.9	2
10.9	38
10.9	46
10.9	48
11	4
11	8
11	9
11	16
11	27
11	35
11	39
11.1	1
11.1	13
11.1	15
11.1	31
11.1	33
11.2	6
11.2	11
11.2	18
11.2	26
11.2	36
11.2	37
11.2	42
11.3	7
11.3	14
11.3	29
11.3	45
12.1	0
12.2	10
12.3	3
12.3	28
12.3	44
12.4	30
12.4	40
12.4	43
12.5	22
12.6	5
12.6	12
12.6	20
12.6	24
12.6	25
12.6	47
12.7	34
12.8	19
12.8	21
13.3	49
13.4	2
13.4	32
13.4	41
13.5	9
13.5	16
13.5	17
13.5	35
13.5	38
13.5	48
13.6	1
13.6	4
13.6	8
13.6	15
13.6	23
13.6	27
13.6	31
13.6	33
13.6	39
13.6	42
13.6	46
13.7	13
13.7	18
13.7	26
13.7	29
13.7	36
13.7	37
13.8	6
13.8	7
13.8	11
13.8	14
13.8	45
14.5	0
14.8	28
14.8	30
14.9	3
14.9	10
15	5
15	12
15	20
15	22
15	24
15	25
15	40
15	43
15	44
15.1	19
15.1	21
15.1	34
15.1	47
15.9	32
15.9	41
16	16
16	48
16	49
16.1	2
16.1	17
16.1	31
16.1	35
16.1	38
16.2	4
16.2	7
16.2	8
16.2	13
16.2	18
16.2	23
16.2	26
16.2	27
16.2	29
16.2	33
16.2	36
16.2	37
16.2	39
16.2	42
16.2	46
16.3	1
16.3	6
16.3	9
16.3	11
16.3	14
16.3	15
16.4	45
17.1	0
17.1	28
17.2	30
17.4	22
17.4	44
17.4	47
17.5	3
17.5	5
17.5	10
17.5	19
17.5	20
17.5	21
17.5	25
17.5	34
17.5	40
17.5	43
17.6	12
17.6	24
18.3	41
18.4	32
18.4	48
18.5	16
18.5	38
18.5	49
18.6	2
18.6	7
18.6	17
18.6	18
18.6	31
18.6	33
18.6	46
18.7	4
18.7	6
18.7	13
18.7	23
18.7	27
18.7	35
18.7	36
18.7	42
18.8	1
18.8	8
18.8	9
18.8	14
18.8	15
18.8	26
18.8	29
18.8	37
18.8	39
18.8	45
18.9	11
19.5	0
19.6	28
19.7	30
19.8	3
19.8	22
19.8	25
19.8	34
19.8	47
19.9	5
19.9	10
19.9	12
19.9	19
19.9	20
19.9	21
19.9	40
19.9	43
19.9	44
20	24
20.7	41
20.8	16
20.9	32
21	7
21	18
21	31
21	38
21	49
21.1	2
21.1	27
21.1	33
21.1	48
21.2	6
21.2	13
21.2	17
21.2	26
21.2	46
21.3	1
21.3	8
21.3	9
21.3	14
21.3	23
21.3	29
21.3	35
21.3	36
21.3	37
21.3	39
21.3	42
21.3	45
21.4	4
21.4	11
21.4	15
22	0
22	28
22	30
22.2	47
22.3	25
22.3	40
22.4	3
22.4	10
22.4	12
22.4	19
22.4	20
22.4	22
22.4	34
22.4	43
22.4	44
22.5	5
22.5	21
22.5	24
22.8	41
23	16
23.3	32
23.4	27
23.6	26
23.6	31
23.6	38
23.6	45
23.6	48
23.6	49
23.7	2
23.7	7
23.7	14
23.7	17
23.7	18
23.7	33
23.7	36
23.7	46
23.8	1
23.8	6
23.8	8
23.8	9
23.8	11
23.8	13
23.8	23
23.8	29
23.8	35
23.8	37
23.8	39
23.8	42
23.9	4
23.9	15
24.4	28
24.5	30
24.6	0
24.6	40
24.7	25
24.8	12
24.8	20
24.8	34
24.8	44
24.8	47
24.9	3
24.9	10
24.9	19
24.9	22
24.9	43
25	5
25	21
25	24
25.1	41
25.2	16
25.6	32
25.9	27
26	33
26	48
26.1	2
26.1	31
26.1	45
26.2	1
26.2	4
26.2	7
26.2	9
26.2	13
26.2	14
26.2	17
26.2	23
26.2	26
26.2	29
26.2	36
26.2	38
26.2	39
26.2	42
26.2	46
26.3	6
26.3	8
26.3	11
26.3	15
26.3	18
26.3	35
26.3	37
26.3	49
26.5	28
26.9	30
27	40
27.1	0
27.1	44
27.2	43
27.3	12
27.3	20
27.3	47
27.4	3
27.4	5
27.4	10
27.4	25
27.4	34
27.5	16
27.5	19
27.5	21
27.5	22
27.5	24
27.5	41
27.7	32
28.5	27
28.6	4
28.6	13
28.6	14
28.6	23
28.6	33
28.6	39
28.6	42
28.7	2
28.7	6
28.7	7
28.7	8
28.7	17
28.7	18
28.7	26
28.7	29
28.7	31
28.7	35
28.7	36
28.7	37
28.7	38
28.7	45
28.7	48
28.7	49
28.8	1
28.8	9
28.8	15
28.8	46
28.9	11
28.9	28
29.1	30
29.4	40
29.6	0
29.6	44
29.8	3
29.8	12
29.8	43
29.8	47
29.9	10
29.9	20
29.9	34
30	5
30	16
30	19
30	21
30	22
30	24
30	25
30	41
30.1	32
31	23
31	27
31.1	4
31.1	13
31.1	14
31.1	35
31.1	39
31.1	42
31.2	1
31.2	2
31.2	6
31.2	7
31.2	8
31.2	15
31.2	17
31.2	26
31.2	31
31.2	33
31.2	36
31.2	38
31.2	45
31.2	46
31.2	48
31.3	9
31.3	11
31.3	18
31.3	28
31.3	29
31.3	37
31.3	49
31.4	30
31.6	40
32.2	0
32.3	21
32.3	47
32.4	3
32.4	10
32.4	12
32.4	34
32.4	44
32.5	5
32.5	16
32.5	19
32.5	20
32.5	22
32.5	24
32.5	25
32.5	32
32.5	41
32.5	43
33.6	4
33.6	13
33.6	14
33.6	27
33.6	31
33.6	35
33.6	38
33.6	42
33.6	46
33.7	6
33.7	7
33.7	11
33.7	15
33.7	17
33.7	23
33.7	26
33.7	29
33.7	33
33.7	39
33.7	45
33.8	1
33.8	2
33.8	8
33.8	9
33.8	18
33.8	28
33.8	30
33.8	36
33.8	37
33.8	48
33.8	49
33.9	40
34.8	34
34.8	43
34.9	0
34.9	3
34.9	5
34.9	10
34.9	16
34.9	20
34.9	21
34.9	25
34.9	41
34.9	44
34.9	47
35	12
35	19
35	24
35	32
35.1	22
36	27
36.1	6
36.1	7
36.1	14
36.1	38
36.1	46
36.2	4
36.2	8
36.2	11
36.2	13
36.2	15
36.2	17
36.2	29
36.2	31
36.2	33
36.2	35
36.2	36
36.2	39
36.2	40
36.2	42
36.2	48
36.3	1
36.3	2
36.3	9
36.3	18
36.3	23
36.3	26
36.3	28
36.3	30
36.3	37
36.3	45
36.3	49
37.2	3
37.3	5
37.3	16
37.3	20
37.3	34
37.3	43
37.3	44
37.3	47
37.4	21
37.4	24
37.5	0
37.5	10
37.5	12
37.5	19
37.5	22
37.5	25
37.5	32
37.5	41
38.5	29
38.5	48
38.6	4
38.6	7
38.6	14
38.6	27
38.6	31
38.6	35
38.6	42
38.7	6
38.7	11
38.7	13
38.7	15
38.7	37
38.7	38
38.7	39
38.7	40
38.7	46
38.8	1
38.8	2
38.8	8
38.8	9
38.8	17
38.8	18
38.8	23
38.8	26
38.8	28
38.8	30
38.8	33
38.8	36
38.8	45
38.8	49
39.6	5
39.6	20
39.8	43
39.8	47
39.9	3
39.9	12
39.9	16
39.9	21
39.9	34
39.9	41
39.9	44
40	0
40	10
40	19
40	24
40	25
40	32
40.1	22
41	4
41	7
41	31
41	35
41.1	14
41.1	36
41.1	48
41.2	1
41.2	15
41.2	17
41.2	18
41.2	27
41.2	29
41.2	38
41.2	40
41.2	42
41.3	2
41.3	6
41.3	8
41.3	9
41.3	11
41.3	23
41.3	26
41.3	30
41.3	33
41.3	37
41.3	39
41.3	45
41.3	46
41.3	49
41.4	13
41.4	28
42.2	5
42.2	43
42.2	47
42.3	20
42.3	21
42.3	44
42.4	3
42.4	12
42.4	16
42.4	19
42.4	32
42.4	34
42.5	0
42.5	10
42.5	22
42.5	24
42.5	25
42.5	41
43.4	31
43.5	4
43.5	38
43.6	7
43.6	29
43.6	35
43.6	36
43.6	40
43.6	42
43.7	1
43.7	2
43.7	6
43.7	9
43.7	11
43.7	14
43.7	15
43.7	17
43.7	18
43.7	23
43.7	26
43.7	33
43.7	45
43.7	48
43.7	49
43.8	8
43.8	27
43.8	30
43.8	37
43.8	39
43.8	46
43.9	13
43.9	28
44.6	43
44.7	44
44.8	21
44.8	22
44.8	47
44.9	5
44.9	12
44.9	16
44.9	19
44.9	25
44.9	32
45	0
45	3
45	10
45	20
45	24
45	34
45.1	41
45.9	31
46	17
46	29
46.1	2
46.1	4
46.1	7
46.1	23
46.1	33
46.1	35
46.1	36
46.1	45
46.2	6
46.2	8
46.2	9
46.2	11
46.2	38
46.2	40
46.2	48
46.2	49
46.3	1
46.3	13
46.3	14
46.3	15
46.3	18
46.3	26
46.3	27
46.3	28
46.3	30
46.3	37
46.3	39
46.3	42
46.3	46
46.9	43
47.1	21
47.2	44
47.3	22
47.4	5
47.4	16
47.4	19
47.4	25
47.4	47
47.5	0
47.5	10
47.5	12
47.5	20
47.5	24
47.5	32
47.6	3
47.6	34
47.6	41
48.4	2
48.4	33
48.4	35
48.4	36
48.5	29
48.5	31
48.6	4
48.6	7
48.6	11
48.6	15
48.6	45
48.7	1
48.7	14
48.7	17
48.7	23
48.7	26
48.7	27
48.7	37
48.7	38
48.7	40
48.7	48
48.7	49
48.8	6
48.8	8
48.8	9
48.8	13
48.8	18
48.8	28
48.8	30
48.8	39
48.8	42
48.8	46
49.1	43
49.4	21
49.8	22
49.8	44
49.9	10
49.9	16
49.9	19
49.9	47
50	0
50	3
50	5
50	12
50	20
50	24
50	25
50	32
50	34
50	41
50.8	36
50.9	2
50.9	35
51	31
51	33
51.1	4
51.1	7
51.1	26
51.1	29
51.1	45
51.1	49
51.2	1
51.2	9
51.2	11
51.2	15
51.2	17
51.2	27
51.2	28
51.2	39
51.3	6
51.3	8
51.3	13
51.3	14
51.3	18
51.3	23
51.3	30
51.3	37
51.3	38
51.3	40
51.3	42
51.3	46
51.3	48
51.4	43
51.6	21
52.2	44
52.3	22
52.4	3
52.4	10
52.4	12
52.4	16
52.4	19
52.4	32
52.4	47
52.5	0
52.5	5
52.5	24
52.5	34
52.5	41
52.6	20
52.6	25
52.9	36
53.4	2
53.4	4
53.4	33
53.4	35
53.5	26
53.6	17
53.6	29
53.6	49
53.7	1
53.7	8
53.7	11
53.7	13
53.7	14
53.7	27
53.7	31
53.7	37
53.7	39
53.7	45
53.8	6
53.8	7
53.8	9
53.8	15
53.8	18
53.8	28
53.8	30
53.8	38
53.8	40
53.8	42
53.8	43
53.8	46
53.8	48
53.9	21
53.9	23
54.8	3
54.8	12
54.8	22
54.8	44
54.9	10
54.9	19
54.9	32
54.9	47
55	0
55	5
55	16
55	24
55	34
55	41
55.1	20
55.1	25
55.1	36
55.8	2
55.9	4
55.9	26
55.9	33
55.9	35
56.1	1
56.1	8
56.1	29
56.1	39
56.1	48
56.2	13
56.2	14
56.2	15
56.2	17
56.2	27
56.2	37
56.2	43
56.2	45
56.2	46
56.3	6
56.3	7
56.3	9
56.3	11
56.3	21
56.3	23
56.3	28
56.3	30
56.3	38
56.3	42
56.3	49
56.4	18
56.4	31
56.4	40
57.3	12
57.3	34
57.3	44
57.4	10
57.4	22
57.4	32
57.4	47
57.5	0
57.5	3
57.5	5
57.5	16
57.5	19
57.5	20
57.5	24
57.5	25
57.5	36
57.5	41
57.9	2
58.4	26
58.4	35
58.5	4
58.5	29
58.5	48
58.6	1
58.6	8
58.6	33
58.6	37
58.6	39
58.6	46
58.7	7
58.7	11
58.7	14
58.7	15
58.7	17
58.7	38
58.7	43
58.8	6
58.8	9
58.8	13
58.8	18
58.8	23
58.8	27
58.8	28
58.8	30
58.8	45
58.8	49
58.9	21
58.9	31
58.9	40
58.9	42
59.8	34
59.9	10
59.9	12
59.9	16
59.9	22
59.9	32
59.9	41
59.9	47
60	0
60	3
60	5
60	19
60	20
60	24
60	25
60	36
60	44
60.1	2
60.9	29
61	8
61	26
61	48
61.1	4
61.1	33
61.1	35
61.1	37
61.1	43
61.1	46
61.2	6
61.2	7
61.2	9
61.2	13
61.2	15
61.2	21
61.2	30
61.2	42
61.3	1
61.3	11
61.3	14
61.3	17
61.3	18
61.3	23
61.3	27
61.3	28
61.3	31
61.3	38
61.3	39
61.3	40
61.3	45
61.3	49
62.1	34
62.3	3
62.3	16
62.3	47
62.4	10
62.4	12
62.4	41
62.5	0
62.5	5
62.5	19
62.5	20
62.5	22
62.5	24
62.5	32
62.5	44
62.6	2
62.6	25
62.6	36
63.4	26
63.5	8
63.5	29
63.5	48
63.6	4
63.6	6
63.6	30
63.6	35
63.6	43
63.7	1
63.7	9
63.7	11
63.7	13
63.7	14
63.7	15
63.7	17
63.7	23
63.7	27
63.7	33
63.7	37
63.7	40
63.7	46
63.8	7
63.8	18
63.8	21
63.8	28
63.8	31
63.8	38
63.8	39
63.8	42
63.8	45
63.9	49
64.5	34
64.8	3
64.8	47
64.9	41
65	10
65	12
65	16
65	19
65	20
65	24
65	32
65	44
65.1	0
65.1	2
65.1	5
65.1	22
65.1	25
65.1	36
65.9	26
66	6
66	8
66	48
66.1	29
66.1	33
66.2	4
66.2	11
66.2	14
66.2	17
66.2	23
66.2	27
66.2	30
66.2	37
66.2	39
66.3	1
66.3	13
66.3	15
66.3	21
66.3	31
66.3	35
66.3	43
66.3	46
66.4	7
66.4	9
66.4	18
66.4	28
66.4	38
66.4	40
66.4	42
66.4	45
66.4	49
66.9	34
67.4	3
67.4	47
67.5	20
67.6	10
67.6	12
67.6	24
67.6	32
67.6	36
67.6	41
67.6	44
67.7	0
67.7	2
67.7	5
67.7	16
67.7	19
67.7	22
67.7	25
68.6	48
68.7	8
68.7	26
68.7	27
68.7	37
68.8	4
68.8	6
68.8	14
68.8	39
68.9	1
68.9	9
68.9	11
68.9	15
68.9	17
68.9	23
68.9	28
68.9	29
68.9	30
68.9	31
68.9	33
68.9	35
68.9	38
68.9	45
69	7
69	13
69	18
69	21
69	42
69	43
69	46
69	49
69.1	40
69.2	34
70	47
70.1	3
70.1	5
70.2	0
70.2	2
70.2	10
70.2	12
70.2	16
70.2	20
70.2	22
70.2	24
70.2	25
70.2	32
70.2	36
70.2	41
70.2	44
70.3	19
71.2	8
71.3	48
71.4	4
71.4	6
71.4	11
71.4	15
71.4	26
71.4	27
71.4	33
71.4	37
71.4	39
71.5	1
71.5	7
71.5	9
71.5	14
71.5	17
71.5	23
71.5	30
71.5	31
71.5	35
71.5	38
71.5	45
71.5	46
71.6	18
71.6	21
71.6	28
71.6	40
71.6	42
71.6	43
71.6	49
71.7	13
71.7	29
71.7	34
72.6	47
72.7	0
72.7	19
72.7	41
72.8	3
72.8	5
72.8	10
72.8	12
72.8	16
72.8	20
72.8	22
72.8	25
72.8	36
72.8	44
72.9	2
72.9	24
72.9	32
73.7	8
73.9	6
73.9	27
73.9	48
74	11
74	15
74	33
74	37
74	39
74	49
74.1	1
74.1	4
74.1	7
74.1	14
74.1	23
74.1	26
74.1	35
74.1	38
74.1	45
74.2	9
74.2	13
74.2	17
74.2	18
74.2	21
74.2	29
74.2	30
74.2	31
74.2	34
74.2	40
74.2	42
74.2	43
74.2	46
74.3	28
75.2	3
75.2	19
75.2	47
75.3	0
75.3	5
75.3	25
75.4	16
75.4	20
75.4	32
75.4	36
75.4	41
75.5	2
75.5	10
75.5	12
75.5	22
75.5	44
75.6	24
76.1	8
76.4	48
76.6	6
76.6	11
76.6	15
76.6	27
76.7	4
76.7	13
76.7	14
76.7	18
76.7	21
76.7	23
76.7	26
76.7	33
76.7	35
76.7	37
76.7	39
76.7	42
76.7	43
76.7	49
76.8	1
76.8	7
76.8	9
76.8	17
76.8	28
76.8	29
76.8	30
76.8	31
76.8	34
76.8	38
76.8	40
76.8	45
76.9	46
77.7	3
77.8	0
77.8	19
77.8	47
77.9	5
77.9	16
77.9	44
78	2
78	12
78	20
78	22
78	32
78	36
78	41
78.1	10
78.1	24
78.1	25
78.3	8
79.1	35
79.1	48
79.2	4
79.2	14
79.2	15
79.2	21
79.2	33
79.2	42
79.2	49
79.3	6
79.3	11
79.3	13
79.3	18
79.3	26
79.3	27
79.3	28
79.3	37
79.3	43
79.3	45
79.4	1
79.4	7
79.4	9
79.4	23
79.4	29
79.4	30
79.4	34
79.4	38
79.4	39
79.4	40
79.4	46
79.5	17
79.5	31
80.3	0
80.3	3
80.4	16
80.4	36
80.5	5
80.5	12
80.5	44
80.5	47
80.6	2
80.6	19
80.6	20
80.6	22
80.6	24
80.7	8
80.7	10
80.7	25
80.7	32
80.7	41
81.6	42
81.7	14
81.7	35
81.7	45
81.7	49
81.8	6
81.8	21
81.8	27
81.8	48
81.9	4
81.9	13
81.9	15
81.9	28
81.9	33
81.9	37
82	1
82	7
82	11
82	17
82	18
82	23
82	26
82	29
82	30
82	31
82	34
82	38
82	39
82	40
82	43
82	46
82.1	9
82.9	16
83	3
83	36
83.1	0
83.1	44
83.1	47
83.2	2
83.2	5
83.2	12
83.2	20
83.2	22
83.2	24
83.2	25
83.2	41
83.3	8
83.3	10
83.3	19
83.3	32
84.1	42
84.3	21
84.4	6
84.4	14
84.4	27
84.4	35
84.4	48
84.4	49
84.5	4
84.5	7
84.5	11
84.5	15
84.5	23
84.5	29
84.5	33
84.5	34
84.5	37
84.5	40
84.5	45
84.5	46
84.6	1
84.6	9
84.6	13
84.6	17
84.6	18
84.6	26
84.6	28
84.6	30
84.6	31
84.6	38
84.6	39
84.6	43
85.5	47
85.6	0
85.6	3
85.7	2
85.7	19
85.7	36
85.7	44
85.8	12
85.8	16
85.8	22
85.8	41
85.9	5
85.9	8
85.9	10
85.9	20
85.9	24
85.9	25
85.9	32
86.9	21
86.9	35
87	6
87	7
87	14
87	15
87	37
87	42
87	46
87.1	4
87.1	11
87.1	23
87.1	26
87.1	28
87.1	30
87.1	33
87.1	34
87.1	39
87.1	40
87.1	49
87.2	1
87.2	9
87.2	13
87.2	17
87.2	18
87.2	27
87.2	29
87.2	31
87.2	38
87.2	43
87.2	45
87.2	48
88.1	0
88.2	3
88.3	36
88.3	47
88.4	2
88.4	10
88.4	12
88.4	16
88.4	19
88.4	24
88.4	25
88.4	32
88.4	41
88.4	44
88.5	5
88.5	8
88.5	20
88.5	22
89.5	37
89.6	7
89.6	26
89.6	46
89.7	1
89.7	4
89.7	6
89.7	9
89.7	13
89.7	14
89.7	15
89.7	17
89.7	18
89.7	21
89.7	23
89.7	28
89.7	30
89.7	31
89.7	38
89.7	39
89.7	40
89.7	42
89.7	48
89.7	49
89.8	11
89.8	27
89.8	29
89.8	33
89.8	34
89.8	35
89.8	43
89.8	45
90.8	3
90.8	16
90.9	0
90.9	41
90.9	47
91	10
91	12
91	19
91	24
91	25
91	36
91	44
91.1	2
91.1	5
91.1	8
91.1	20
91.1	22
91.1	32
92.1	6
92.1	37
92.2	39
92.2	46
92.3	4
92.3	7
92.3	11
92.3	13
92.3	14
92.3	15
92.3	17
92.3	18
92.3	21
92.3	23
92.3	26
92.3	28
92.3	29
92.3	30
92.3	31
92.3	35
92.4	1
92.4	9
92.4	27
92.4	33
92.4	34
92.4	38
92.4	40
92.4	42
92.4	43
92.4	45
92.4	48
92.4	49
93.4	0
93.4	3
93.4	16
93.5	25
93.5	32
93.5	47
93.6	5
93.6	8
93.6	10
93.6	12
93.6	19
93.6	22
93.6	24
93.6	36
93.6	41
93.7	2
93.7	20
93.7	44
94.6	37
94.7	6
94.7	39
94.8	4
94.8	7
94.8	30
94.9	9
94.9	15
94.9	17
94.9	18
94.9	21
94.9	23
94.9	28
94.9	29
94.9	35
94.9	40
94.9	43
94.9	46
94.9	48
95	1
95	11
95	13
95	14
95	26
95	27
95	31
95	33
95	34
95	38
95	42
95	45
95	49
95.9	3
96.1	5
96.1	12
96.1	19
96.2	0
96.2	8
96.2	10
96.2	16
96.2	20
96.2	22
96.2	25
96.2	32
96.2	41
96.2	44
96.2	47
96.3	2
96.3	24
96.3	36
97.2	6
97.3	37
97.3	39
97.3	48
97.4	17
97.4	28
97.4	29
97.4	46
97.4	49
97.5	4
97.5	9
97.5	15
97.5	21
97.5	23
97.5	27
97.5	40
97.5	43
97.6	1
97.6	7
97.6	11
97.6	13
97.6	14
97.6	18
97.6	26
97.6	30
97.6	33
97.6	34
97.6	35
97.6	38
97.6	42
97.6	45
97.7	31
98.6	3
98.7	12
98.7	19
98.8	0
98.8	5
98.8	10
98.8	16
98.8	25
98.8	32
98.8	36
98.8	41
98.8	47
98.9	2
98.9	8
98.9	20
98.9	22
98.9	24
98.9	44
99.8	6
99.9	4
99.9	17
99.9	37
100	28
100	30
100	33
100	39
100	40
100	48
100	49
100.1	1
100.1	15
100.1	23
100.1	26
100.1	27
100.1	29
100.1	42
100.1	43
100.1	46
100.2	7
100.2	9
100.2	11
100.2	13
100.2	14
100.2	18
100.2	21
100.2	31
100.2	34
100.2	38
100.2	45
100.3	35
101.1	3
101.2	10
101.2	19
101.3	12
101.3	25
101.3	32
101.4	2
101.4	5
101.4	16
101.4	36
101.4	44
101.5	0
101.5	8
101.5	20
101.5	22
101.5	24
101.5	41
101.5	47
102.4	6
102.4	37
102.5	30
102.6	28
102.6	40
102.6	48
102.6	49
102.7	1
102.7	4
102.7	17
102.7	21
102.7	26
102.7	27
102.7	33
102.7	38
102.7	39
102.7	43
102.7	46
102.8	7
102.8	9
102.8	11
102.8	13
102.8	14
102.8	15
102.8	18
102.8	23
102.8	29
102.8	35
102.8	42
102.8	45
102.9	31
102.9	34
103.8	25
103.9	2
103.9	3
103.9	10
103.9	19
103.9	20
103.9	32
104	12
104	16
104	44
104	47
104.1	0
104.1	5
104.1	8
104.1	22
104.1	24
104.1	36
104.1	41
105	6
105	30
105.1	37
105.2	38
105.2	39
105.2	40
105.2	48
105.3	1
105.3	11
105.3	13
105.3	14
105.3	17
105.3	21
105.3	27
105.3	28
105.3	33
105.3	46
105.3	49
105.4	4
105.4	7
105.4	9
105.4	15
105.4	18
105.4	23
105.4	26
105.4	29
105.4	31
105.4	34
105.4	35
105.4	42
105.4	43
105.4	45
106.3	25
106.4	44
106.5	2
106.5	3
106.5	10
106.5	20
106.6	5
106.6	8
106.6	12
106.6	16
106.6	19
106.6	22
106.6	24
106.6	32
106.6	36
106.6	47
106.7	0
106.7	41
107.6	37
107.7	30
107.7	48
107.8	6
107.8	18
107.8	38
107.8	39
107.9	4
107.9	7
107.9	9
107.9	11
107.9	13
107.9	17
107.9	27
107.9	28
107.9	33
107.9	43
107.9	45
107.9	46
107.9	49
108	1
108	14
108	15
108	21
108	23
108	29
108	31
108	35
108	40
108	42
108.1	26
108.1	34
108.9	25
108.9	44
109	3
109	20
109.1	2
109.1	5
109.1	16
109.1	19
109.2	10
109.2	12
109.2	32
109.2	47
109.3	0
109.3	8
109.3	22
109.3	24
109.3	36
109.3	41
110.2	37
110.3	4
110.3	30
110.4	9
110.4	13
110.4	17
110.4	18
110.4	48
110.5	6
110.5	11
110.5	27
110.5	28
110.5	33
110.5	38
110.5	39
110.5	43
110.5	46
110.5	49
110.6	1
110.6	7
110.6	15
110.6	21
110.6	23
110.6	29
110.6	31
110.6	34
110.6	40
110.6	42
110.6	45
110.7	14
110.7	26
110.7	35
111.5	25
111.5	44
111.6	5
111.7	3
111.7	10
111.7	12
111.7	20
111.8	2
111.8	16
111.8	19
111.8	22
111.8	32
111.8	47
111.9	0
111.9	8
111.9	24
111.9	36
111.9	41
112.8	4
112.8	30
112.9	37
113	9
113	13
113	17
113	48
113.1	1
113.1	6
113.1	15
113.1	18
113.1	27
113.1	28
113.1	42
113.1	43
113.1	45
113.1	49
113.2	7
113.2	11
113.2	14
113.2	21
113.2	23
113.2	26
113.2	29
113.2	31
113.2	33
113.2	34
113.2	35
113.2	38
113.2	39
113.2	40
113.2	46
114	25
114	44
114.2	20
114.3	3
114.3	10
114.3	12
114.3	32
114.4	2
114.4	5
114.4	16
114.4	19
114.4	36
114.5	0
114.5	8
114.5	22
114.5	24
114.5	41
114.5	47
115.5	37
115.6	4
115.6	9
115.6	13
115.6	14
115.6	15
115.6	17
115.6	30
115.6	42
115.6	46
115.7	1
115.7	6
115.7	7
115.7	11
115.7	34
115.7	35
115.7	43
115.7	48
115.7	49
115.8	18
115.8	21
115.8	23
115.8	26
115.8	27
115.8	28
115.8	29
115.8	31
115.8	33
115.8	38
115.8	39
115.8	40
115.8	45
116.7	25
116.7	44
116.9	19
116.9	20
117	2
117	3
117	5
117	12
117	16
117	36
117	41
117	47
117.1	0
117.1	8
117.1	10
117.1	22
117.1	24
117.1	32
118.1	30
118.2	4
118.2	13
118.2	27
118.2	37
118.2	42
118.2	45
118.3	6
118.3	9
118.3	11
118.3	14
118.3	15
118.3	17
118.3	26
118.3	29
118.3	31
118.3	38
118.3	43
118.3	46
118.4	1
118.4	7
118.4	18
118.4	21
118.4	23
118.4	28
118.4	33
118.4	34
118.4	35
118.4	39
118.4	40
118.4	48
118.4	49
119.2	25
119.4	19
119.6	2
119.6	3
119.6	10
119.6	12
119.6	22
119.6	41
119.6	44
119.7	0
119.7	5
119.7	8
119.7	16
119.7	20
119.7	24
119.7	32
119.7	36
119.7	47
120.7	30
120.7	37
120.8	13
120.8	27
120.8	31
120.8	38
120.8	42
120.8	45
120.8	46
120.9	4
120.9	7
120.9	9
120.9	11
120.9	18
120.9	21
120.9	26
120.9	29
120.9	34
120.9	43
120.9	48
121	1
121	6
121	14
121	15
121	17
121	33
121	35
121	39
121	40
121	49
121.1	23
121.1	28
121.9	25
122	12
122	19
122.1	41
122.2	3
122.2	8
122.2	10
122.2	22
122.2	44
122.2	47
122.3	0
122.3	2
122.3	5
122.3	16
122.3	20
122.3	24
122.3	32
122.3	36
123.3	13
123.3	27
123.3	30
123.3	42
123.4	7
123.4	21
123.4	31
123.4	37
123.4	38
123.4	48
123.5	1
123.5	9
123.5	11
123.5	14
123.5	15
123.5	18
123.5	23
123.5	26
123.5	33
123.6	4
123.6	6
123.6	17
123.6	28
123.6	29
123.6	34
123.6	35
123.6	39
123.6	40
123.6	43
123.6	45
123.6	46
123.6	49
124.4	12
124.4	25
124.7	19
124.7	22
124.8	2
124.8	3
124.8	8
124.8	41
124.8	44
124.9	0
124.9	5
124.9	10
124.9	16
124.9	20
124.9	24
124.9	32
124.9	36
124.9	47
125.9	42
126	1
126	7
126	13
126	21
126	27
126	34
126	37
126	38
126.1	6
126.1	9
126.1	11
126.1	14
126.1	15
126.1	17
126.1	23
126.1	26
126.1	28
126.1	29
126.1	30
126.1	31
126.1	33
126.1	39
126.1	43
126.1	48
126.1	49
126.2	4
126.2	18
126.2	35
126.2	40
126.2	45
126.2	46
127.2	12
127.2	22
127.2	25
127.3	8
127.3	19
127.4	2
127.4	10
127.4	20
127.4	44
127.5	0
127.5	3
127.5	5
127.5	16
127.5	24
127.5	32
127.5	36
127.5	41
127.5	47
128.5	38
128.5	42
128.6	7
128.6	14
128.6	31
128.6	34
128.6	37
128.6	40
128.6	48
128.7	1
128.7	11
128.7	15
128.7	17
128.7	21
128.7	23
128.7	27
128.7	30
128.7	39
128.7	43
128.7	49
128.8	6
128.8	9
128.8	13
128.8	18
128.8	26
128.8	28
128.8	29
128.8	33
128.8	35
128.8	45
128.8	46
128.9	4
129.8	22
129.9	12
129.9	19
129.9	20
129.9	25
129.9	44
130	0
130	2
130	8
130	10
130	16
130	24
130	41
130.1	3
130.1	5
130.1	32
130.1	36
130.1	47
131	38
131.2	7
131.2	14
131.2	23
131.2	30
131.2	31
131.2	34
131.2	40
131.2	42
131.3	11
131.3	21
131.3	27
131.3	37
131.3	39
131.3	48
131.4	1
131.4	9
131.4	13
131.4	15
131.4	17
131.4	18
131.4	26
131.4	28
131.4	29
131.4	33
131.4	35
131.4	43
131.4	45
131.4	46
131.4	49
131.5	4
131.5	6
132.4	20
132.5	2
132.5	8
132.5	10
132.5	16
132.5	22
132.6	0
132.6	12
132.6	19
132.6	24
132.6	25
132.6	41
132.6	47
132.7	3
132.7	5
132.7	32
132.7	36
132.7	44
133.7	30
133.7	34
133.8	31
133.8	33
133.8	35
133.8	38
133.8	42
133.8	48
133.9	1
133.9	7
133.9	11
133.9	14
133.9	15
133.9	17
133.9	21
133.9	23
133.9	27
133.9	37
133.9	40
133.9	45
133.9	46
134	4
134	6
134	9
134	18
134	26
134	28
134	29
134	39
134	43
134	49
134.1	13
135	0
135	10
135	20
135.1	8
135.1	22
135.1	41
135.2	2
135.2	3
135.2	12
135.2	16
135.2	19
135.2	24
135.3	5
135.3	25
135.3	32
135.3	36
135.3	44
135.3	47
136.2	35
136.3	42
136.4	11
136.4	31
136.4	46
136.4	48
136.5	7
136.5	9
136.5	15
136.5	17
136.5	27
136.5	30
136.5	33
136.5	34
136.5	37
136.5	39
136.6	1
136.6	4
136.6	6
136.6	13
136.6	14
136.6	18
136.6	21
136.6	23
136.6	26
136.6	28
136.6	29
136.6	38
136.6	40
136.6	43
136.6	45
136.6	49
137.6	22
137.6	41
137.7	0
137.7	10
137.7	20
137.8	2
137.8	3
137.8	8
137.8	12
137.8	16
137.8	19
137.8	24
137.8	32
137.9	5
137.9	25
137.9	36
137.9	44
137.9	47
138.9	11
139	35
139	42
139.1	7
139.1	14
139.1	17
139.1	27
139.1	29
139.1	30
139.1	34
139.1	37
139.1	46
139.1	48
139.2	1
139.2	4
139.2	6
139.2	9
139.2	13
139.2	15
139.2	18
139.2	21
139.2	23
139.2	26
139.2	28
139.2	31
139.2	33
139.2	38
139.2	39
139.2	40
139.2	43
139.2	45
139.2	49
140.2	22
140.3	3
140.3	10
140.3	12
140.3	41
140.4	0
140.4	5
140.4	16
140.4	19
140.4	20
140.4	24
140.4	32
140.5	2
140.5	8
140.5	25
140.5	36
140.5	44
140.5	47
141.6	7
141.6	30
141.6	42
141.7	11
141.7	15
141.7	18
141.7	27
141.7	28
141.7	29
141.7	34
141.7	35
141.7	37
141.7	38
141.7	45
141.7	46
141.8	1
141.8	4
141.8	6
141.8	9
141.8	13
141.8	14
141.8	17
141.8	23
141.8	26
141.8	31
141.8	33
141.8	39
141.8	40
141.8	43
141.8	48
141.9	21
141.9	49
142.7	22
142.9	0
142.9	5
142.9	10
142.9	41
143	12
143	16
143	19
143	20
143	24
143	25
143	32
143.1	2
143.1	3
143.1	8
143.1	36
143.1	44
143.1	47
144.2	27
144.2	30
144.2	35
144.2	46
144.3	7
144.3	9
144.3	11
144.3	23
144.3	26
144.3	29
144.3	38
144.3	39
144.3	42
144.3	45
144.4	1
144.4	4
144.4	6
144.4	13
144.4	14
144.4	15
144.4	17
144.4	18
144.4	21
144.4	28
144.4	31
144.4	33
144.4	37
144.4	40
144.4	43
144.4	48
144.4	49
144.5	34
145.4	0
145.4	22
145.5	25
145.6	5
145.6	8
145.6	10
145.6	12
145.6	20
145.6	24
145.6	36
145.6	41
145.6	44
145.7	2
145.7	3
145.7	16
145.7	19
145.7	32
145.7	47
146.6	30
146.8	7
146.8	9
146.8	35
146.8	46
146.9	11
146.9	14
146.9	18
146.9	23
146.9	28
146.9	29
146.9	31
146.9	38
146.9	39
146.9	40
146.9	42
146.9	43
146.9	48
147	1
147	4
147	6
147	13
147	15
147	17
147	21
147	26
147	27
147	33
147	34
147	37
147	45
147	49
148	0
148.1	12
148.1	20
148.1	22
148.1	24
148.1	41
148.2	3
148.2	5
148.2	16
148.2	19
148.2	32
148.2	36
148.2	44
148.3	2
148.3	8
148.3	10
148.3	25
148.3	47
149.2	46
149.3	30
149.3	35
149.4	7
149.4	31
149.5	4
149.5	9
149.5	11
149.5	17
149.5	18
149.5	21
149.5	28
149.5	29
149.5	34
149.5	42
149.5	43
149.5	48
149.5	49
149.6	1
149.6	6
149.6	13
149.6	14
149.6	15
149.6	23
149.6	26
149.6	27
149.6	33
149.6	37
149.6	38
149.6	39
149.6	40
149.6	45
150.6	0
150.6	32
150.7	20
150.7	22
150.7	41
150.8	3
150.8	5
150.8	12
150.8	16
150.8	19
150.9	2
150.9	8
150.9	10
150.9	24
150.9	25
150.9	36
150.9	47
151	44
151.8	46
151.9	30
151.9	31
151.9	35
152	7
152	21
152	29
152	34
152	49
152.1	9
152.1	17
152.1	18
152.1	27
152.1	33
152.1	37
152.1	43
152.1	45
152.2	1
152.2	4
152.2	6
152.2	11
152.2	14
152.2	23
152.2	26
152.2	28
152.2	39
152.2	40
152.2	42
152.2	48
152.3	13
152.3	15
152.3	38
153.2	0
153.2	22
153.2	32
153.3	41
153.4	2
153.4	5
153.4	20
153.5	3
153.5	8
153.5	10
153.5	12
153.5	16
153.5	19
153.5	24
153.5	25
153.5	36
153.5	47
153.6	44
154.5	29
154.5	30
154.5	31
154.5	46
154.6	17
154.6	18
154.6	27
154.6	34
154.6	35
154.6	49
154.7	4
154.7	6
154.7	7
154.7	9
154.7	11
154.7	21
154.7	28
154.7	40
154.7	42
154.7	45
154.8	1
154.8	13
154.8	14
154.8	15
154.8	23
154.8	26
154.8	33
154.8	37
154.8	38
154.8	39
154.8	43
154.8	48
155.8	32
155.9	0
156	2
156	5
156	12
156	20
156	22
156.1	3
156.1	8
156.1	10
156.1	16
156.1	19
156.1	24
156.1	25
156.1	36
156.1	41
156.1	44
156.1	47
157.1	29
157.1	30
157.1	31
157.1	35
157.2	4
157.2	6
157.2	9
157.2	27
157.2	28
157.2	34
157.2	43
157.2	45
157.2	46
157.3	1
157.3	7
157.3	11
157.3	17
157.3	18
157.3	38
157.3	40
157.3	49
157.4	13
157.4	14
157.4	15
157.4	21
157.4	26
157.4	33
157.4	37
157.4	39
157.4	42
157.5	23
157.5	48
158.4	20
158.5	32
158.6	0
158.6	2
158.6	5
158.6	12
158.6	22
158.7	3
158.7	8
158.7	10
158.7	16
158.7	19
158.7	24
158.7	25
158.7	36
158.7	41
158.7	44
158.7	47
159.7	4
159.8	6
159.8	26
159.8	27
159.8	29
159.8	30
159.8	34
159.8	35
159.9	1
159.9	11
159.9	17
159.9	28
159.9	37
159.9	38
159.9	40
159.9	43
159.9	45
159.9	46
159.9	49
160	7
160	9
160	14
160	15
160	18
160	21
160	31
160	33
160	39
160	42
160.1	13
160.1	23
160.1	48
161.1	22
161.1	32
161.2	2
161.2	5
161.2	16
161.2	20
161.2	41
161.2	44
161.3	0
161.3	3
161.3	8
161.3	10
161.3	12
161.3	19
161.3	24
161.3	25
161.3	36
161.3	47
162.3	26
162.3	34
162.4	4
162.4	6
162.4	11
162.4	21
162.4	30
162.4	35
162.4	38
162.4	40
162.4	43
162.4	45
162.5	1
162.5	7
162.5	28
162.5	31
162.5	37
162.5	42
162.6	9
162.6	14
162.6	15
162.6	17
162.6	23
162.6	27
162.6	29
162.6	33
162.6	39
162.6	46
162.6	49
162.7	13
162.7	18
162.7	48
163.6	32
163.8	5
163.8	22
163.8	24
163.8	25
163.8	41
163.8	44
163.9	0
163.9	2
163.9	3
163.9	8
163.9	10
163.9	12
163.9	16
163.9	19
163.9	20
163.9	36
163.9	47
164.9	45
165	1
165	6
165	7
165	11
165	21
165	26
165	34
165	38
165	40
165	43
165.1	4
165.1	14
165.1	15
165.1	28
165.1	30
165.1	31
165.1	33
165.1	35
165.1	39
165.1	42
165.2	13
165.2	17
165.2	23
165.2	27
165.2	29
165.2	46
165.3	9
165.3	18
165.3	37
165.3	48
165.3	49
166.2	32
166.4	5
166.4	10
166.4	20
166.4	22
166.4	24
166.4	25
166.4	41
166.5	0
166.5	2
166.5	3
166.5	8
166.5	12
166.5	16
166.5	19
166.5	36
166.5	44
166.5	47
167.5	6
167.6	11
167.6	21
167.6	34
167.6	38
167.6	43
167.6	45
167.7	1
167.7	4
167.7	23
167.7	30
167.7	33
167.7	39
167.7	40
167.7	42
167.8	7
167.8	9
167.8	13
167.8	14
167.8	15
167.8	17
167.8	26
167.8	27
167.8	28
167.8	29
167.8	31
167.8	35
167.8	46
167.8	48
167.8	49
167.9	18
167.9	37
168.9	24
168.9	25
168.9	32
169	0
169	10
169	16
169	22
169	41
169.1	2
169.1	3
169.1	5
169.1	8
169.1	19
169.1	20
169.1	36
169.1	44
169.1	47
169.2	12
170.1	34
170.1	39
170.1	42
170.1	45
170.2	6
170.2	21
170.2	33
170.3	4
170.3	11
170.3	17
170.3	29
170.3	38
170.3	43
170.3	49
170.4	1
170.4	7
170.4	9
170.4	13
170.4	14
170.4	15
170.4	18
170.4	23
170.4	26
170.4	27
170.4	28
170.4	30
170.4	31
170.4	35
170.4	37
170.4	40
170.4	46
170.4	48
171.4	24
171.5	16
171.5	25
171.5	41
171.6	0
171.6	2
171.6	3
171.6	5
171.6	10
171.7	8
171.7	12
171.7	19
171.7	20
171.7	22
171.7	32
171.7	36
171.7	44
171.7	47
172.7	39
172.8	21
172.8	29
172.8	30
172.8	33
172.8	42
172.8	45
172.9	1
172.9	6
172.9	7
172.9	18
172.9	28
172.9	34
172.9	37
172.9	38
172.9	43
173	4
173	11
173	13
173	15
173	17
173	23
173	26
173	27
173	31
173	35
173	40
173	46
173	48
173.1	9
173.1	14
173.1	49
174	16
174	24
174.1	25
174.1	41
174.2	0
174.2	2
174.2	5
174.2	10
174.2	12
174.2	36
174.2	44
174.3	3
174.3	8
174.3	19
174.3	20
174.3	22
174.3	32
174.3	47
175.3	39
175.4	30
175.4	34
175.4	42
175.5	1
175.5	6
175.5	7
175.5	9
175.5	17
175.5	18
175.5	23
175.5	28
175.5	29
175.5	33
175.5	35
175.5	38
175.5	43
175.5	45
175.5	46
175.6	4
175.6	11
175.6	13
175.6	15
175.6	21
175.6	26
175.6	27
175.6	31
175.6	37
175.6	48
175.6	49
175.7	14
175.7	40
176.6	5
176.6	16
176.6	24
176.7	12
176.7	36
176.8	0
176.8	8
176.8	22
176.8	25
176.8	41
176.9	2
176.9	3
176.9	10
176.9	19
176.9	20
176.9	32
176.9	44
176.9	47
177.8	39
177.9	46
178	9
178	23
178	29
178	34
178.1	11
178.1	17
178.1	18
178.1	28
178.1	30
178.1	38
178.1	42
178.2	1
178.2	4
178.2	6
178.2	7
178.2	13
178.2	15
178.2	21
178.2	26
178.2	27
178.2	31
178.2	33
178.2	35
178.2	37
178.2	43
178.2	45
178.2	48
178.2	49
178.3	14
178.3	40
179.2	5
179.2	12
179.2	16
179.4	0
179.4	2
179.4	10
179.4	19
179.4	22
179.4	25
179.4	36
179.4	41
179.4	44
179.5	3
179.5	8
179.5	20
179.5	24
179.5	32
179.5	47
180.4	46
180.5	34
180.6	9
180.6	21
180.6	38
180.6	39
180.7	1
180.7	6
180.7	11
180.7	17
180.7	29
180.7	35
180.8	7
180.8	13
180.8	14
180.8	15
180.8	18
180.8	23
180.8	26
180.8	27
180.8	28
180.8	30
180.8	33
180.8	37
180.8	42
180.8	43
180.8	45
180.8	48
180.8	49
180.9	4
180.9	31
180.9	40
181.8	12
181.8	16
181.9	0
181.9	5
182	22
182	32
182	47
182.1	2
182.1	3
182.1	8
182.1	10
182.1	19
182.1	20
182.1	24
182.1	25
182.1	36
182.1	41
182.1	44
183	46
183.1	6
183.1	34
183.1	38
183.2	7
183.2	14
183.2	21
183.2	29
183.2	39
183.3	1
183.3	9
183.3	11
183.3	13
183.3	17
183.3	23
183.3	27
183.3	28
183.3	30
183.3	33
183.4	4
183.4	15
183.4	18
183.4	26
183.4	31
183.4	35
183.4	37
183.4	42
183.4	43
183.4	45
183.4	48
183.4	49
183.5	40
184.5	0
184.5	5
184.5	12
184.5	16
184.6	2
184.6	3
184.6	20
184.6	22
184.6	32
184.6	41
184.7	8
184.7	10
184.7	19
184.7	24
184.7	25
184.7	36
184.7	44
184.7	47
185.6	46
185.8	7
185.8	14
185.8	34
185.8	35
185.8	38
185.8	39
185.8	45
185.9	1
185.9	6
185.9	9
185.9	11
185.9	17
185.9	21
185.9	30
185.9	31
185.9	33
185.9	48
186	4
186	18
186	23
186	26
186	27
186	28
186	29
186	37
186	40
186	42
186	43
186.1	13
186.1	15
186.1	49
187	16
187	32
187.1	5
187.1	12
187.1	22
187.1	41
187.2	0
187.2	2
187.2	3
187.2	20
187.3	8
187.3	10
187.3	19
187.3	24
187.3	25
187.3	36
187.3	44
187.3	47
188.3	14
188.3	35
188.4	6
188.4	11
188.4	31
188.4	33
188.4	34
188.4	39
188.4	45
188.4	46
188.5	4
188.5	17
188.5	29
188.5	30
188.6	1
188.6	7
188.6	9
188.6	15
188.6	21
188.6	23
188.6	26
188.6	27
188.6	28
188.6	37
188.6	38
188.6	40
188.6	42
188.6	43
188.6	48
188.7	13
188.7	18
188.7	49
189.6	22
189.7	2
189.7	8
189.7	16
189.7	32
189.7	41
189.8	0
189.8	3
189.8	5
189.8	12
189.8	25
189.8	36
189.9	10
189.9	19
189.9	20
189.9	24
189.9	44
189.9	47
190.9	11
191	14
191	33
191.1	6
191.1	9
191.1	15
191.1	28
191.1	29
191.1	30
191.1	31
191.1	34
191.1	35
191.1	39
191.1	40
191.1	46
191.1	48
191.2	1
191.2	4
191.2	7
191.2	13
191.2	17
191.2	18
191.2	21
191.2	23
191.2	27
191.2	37
191.2	38
191.2	42
191.2	43
191.2	45
191.3	26
191.3	49
192.2	8
192.2	12
192.3	16
192.3	22
192.3	32
192.4	0
192.4	2
192.4	3
192.4	5
192.4	24
192.4	36
192.4	41
192.5	10
192.5	19
192.5	20
192.5	25
192.5	44
192.5	47
193.5	6
193.5	29
193.6	4
193.6	11
193.6	31
193.6	34
193.6	35
193.6	39
193.6	48
193.7	1
193.7	7
193.7	9
193.7	14
193.7	23
193.7	30
193.7	33
193.7	38
193.7	46
193.7	49
193.8	13
193.8	15
193.8	17
193.8	18
193.8	26
193.8	28
193.8	37
193.8	40
193.8	42
193.8	43
193.8	45
193.9	21
193.9	27
194.7	8
194.8	5
194.8	12
194.8	16
194.9	32
194.9	36
195	3
195	22
195	41
195.1	0
195.1	2
195.1	10
195.1	19
195.1	20
195.1	24
195.1	25
195.1	44
195.1	47
196	29
196.1	6
196.1	9
196.1	11
196.1	31
196.2	33
196.2	34
196.3	1
196.3	4
196.3	7
196.3	13
196.3	14
196.3	35
196.3	40
196.3	46
196.3	48
196.3	49
196.4	15
196.4	17
196.4	21
196.4	23
196.4	26
196.4	27
196.4	28
196.4	30
196.4	37
196.4	38
196.4	39
196.4	42
196.4	43
196.4	45
196.5	18
197.3	5
197.5	3
197.5	12
197.5	36
197.6	2
197.6	8
197.6	10
197.6	22
197.6	32
197.7	0
197.7	16
197.7	19
197.7	20
197.7	24
197.7	25
197.7	41
197.7	44
197.7	47
198.6	9
198.8	1
198.8	29
198.8	31
198.8	33
198.8	34
198.8	40
198.8	42
198.8	46
198.9	4
198.9	6
198.9	11
198.9	13
198.9	15
198.9	35
198.9	38
198.9	49
199	7
199	14
199	17
199	18
199	21
199	23
199	26
199	27
199	28
199	30
199	37
199	39
199	43
199	45
199	48
200	5
