9335.83
230
10384.1
240
11019.9
250
11405.5
260
11639.4
270
11781.3
280
11867.4
290
11919.5
300
11951.2
310
11970.4
320
11982
330
11989.1
340
11993.4
350
11996
360
11997.6
370
11998.5
380
11999.1
390
11999.5
400
11999.7
410
11999.8
420
11999.9
430
11999.9
440
12000
450
12000
460
12000
470
12000
480
12000
490
12000
500
12000
510
12000
520
12000
530
12000
540
12000
550
12000
560
12000
570
12000
580
12000
590
12000
600
12000
610
12000
620
12000
630
12000
640
12000
650
12000
660
12000
670
12000
680
12000
690
12000
700
12000
710
12000
720
12000
730
12000
740
12000
750
12000
760
12000
770
12000
780
12000
790
12000
800
12000
810
12000
820
12000
830
12000
840
12000
850
12000
860
12000
870
12000
880
12000
890
12000
900
12000
910
12000
920
12000
930
12000
940
12000
950
12000
960
12000
970
12000
980
12000
990
12000
1000
0
0
